#           k/h    P           
   0.100000E-03   0.409463E+03
   0.102020E-03   0.417456E+03
   0.104081E-03   0.425606E+03
   0.106184E-03   0.433916E+03
   0.108329E-03   0.442388E+03
   0.110517E-03   0.451027E+03
   0.112750E-03   0.459835E+03
   0.115027E-03   0.468816E+03
   0.117351E-03   0.477973E+03
   0.119722E-03   0.487310E+03
   0.122140E-03   0.496831E+03
   0.124608E-03   0.506538E+03
   0.127125E-03   0.516436E+03
   0.129693E-03   0.526529E+03
   0.132313E-03   0.536820E+03
   0.134986E-03   0.547313E+03
   0.137713E-03   0.558013E+03
   0.140495E-03   0.568924E+03
   0.143333E-03   0.580049E+03
   0.146228E-03   0.591393E+03
   0.149182E-03   0.602961E+03
   0.152196E-03   0.614757E+03
   0.155271E-03   0.626786E+03
   0.158407E-03   0.639052E+03
   0.161607E-03   0.651560E+03
   0.164872E-03   0.664315E+03
   0.168203E-03   0.677321E+03
   0.171601E-03   0.690586E+03
   0.175067E-03   0.704112E+03
   0.178604E-03   0.717906E+03
   0.182212E-03   0.731973E+03
   0.185893E-03   0.746319E+03
   0.189648E-03   0.760949E+03
   0.193479E-03   0.775869E+03
   0.197388E-03   0.791085E+03
   0.201375E-03   0.806604E+03
   0.205443E-03   0.822430E+03
   0.209594E-03   0.838572E+03
   0.213828E-03   0.855034E+03
   0.218147E-03   0.871824E+03
   0.222554E-03   0.888949E+03
   0.227050E-03   0.906415E+03
   0.231637E-03   0.924230E+03
   0.236316E-03   0.942400E+03
   0.241090E-03   0.960933E+03
   0.245960E-03   0.979837E+03
   0.250929E-03   0.999119E+03
   0.255998E-03   0.101879E+04
   0.261170E-03   0.103885E+04
   0.266446E-03   0.105931E+04
   0.271828E-03   0.108019E+04
   0.277319E-03   0.110149E+04
   0.282922E-03   0.112321E+04
   0.288637E-03   0.114537E+04
   0.294468E-03   0.116798E+04
   0.300417E-03   0.119104E+04
   0.306485E-03   0.121457E+04
   0.312677E-03   0.123857E+04
   0.318993E-03   0.126306E+04
   0.325437E-03   0.128804E+04
   0.332012E-03   0.131353E+04
   0.338719E-03   0.133954E+04
   0.345561E-03   0.136607E+04
   0.352542E-03   0.139314E+04
   0.359664E-03   0.142077E+04
   0.366930E-03   0.144895E+04
   0.374342E-03   0.147770E+04
   0.381904E-03   0.150704E+04
   0.389619E-03   0.153698E+04
   0.397490E-03   0.156753E+04
   0.405520E-03   0.159870E+04
   0.413712E-03   0.163051E+04
   0.422070E-03   0.166296E+04
   0.430596E-03   0.169608E+04
   0.439295E-03   0.172987E+04
   0.448169E-03   0.176435E+04
   0.457222E-03   0.179953E+04
   0.466459E-03   0.183544E+04
   0.475882E-03   0.187207E+04
   0.485496E-03   0.190945E+04
   0.495303E-03   0.194760E+04
   0.505309E-03   0.198652E+04
   0.515517E-03   0.202623E+04
   0.525931E-03   0.206675E+04
   0.536556E-03   0.210810E+04
   0.547395E-03   0.215028E+04
   0.558453E-03   0.219332E+04
   0.569734E-03   0.223723E+04
   0.581244E-03   0.228202E+04
   0.592986E-03   0.232772E+04
   0.604965E-03   0.237434E+04
   0.617186E-03   0.242189E+04
   0.629654E-03   0.247039E+04
   0.642374E-03   0.251986E+04
   0.655350E-03   0.257031E+04
   0.668589E-03   0.262177E+04
   0.682096E-03   0.267424E+04
   0.695875E-03   0.272774E+04
   0.709933E-03   0.278229E+04
   0.724274E-03   0.283790E+04
   0.738906E-03   0.289460E+04
   0.753832E-03   0.295239E+04
   0.769061E-03   0.301128E+04
   0.784597E-03   0.307131E+04
   0.800447E-03   0.313247E+04
   0.816617E-03   0.319479E+04
   0.833114E-03   0.325828E+04
   0.849944E-03   0.332296E+04
   0.867114E-03   0.338883E+04
   0.884631E-03   0.345592E+04
   0.902501E-03   0.352424E+04
   0.920733E-03   0.359379E+04
   0.939333E-03   0.366460E+04
   0.958309E-03   0.373668E+04
   0.977668E-03   0.381005E+04
   0.997418E-03   0.388471E+04
   0.101757E-02   0.396068E+04
   0.103812E-02   0.403797E+04
   0.105910E-02   0.411661E+04
   0.108049E-02   0.419660E+04
   0.110232E-02   0.427796E+04
   0.112459E-02   0.436069E+04
   0.114730E-02   0.444483E+04
   0.117048E-02   0.453038E+04
   0.119413E-02   0.461736E+04
   0.121825E-02   0.470578E+04
   0.124286E-02   0.479567E+04
   0.126797E-02   0.488704E+04
   0.129358E-02   0.497990E+04
   0.131971E-02   0.507427E+04
   0.134637E-02   0.517018E+04
   0.137357E-02   0.526764E+04
   0.140132E-02   0.536667E+04
   0.142963E-02   0.546729E+04
   0.145851E-02   0.556951E+04
   0.148797E-02   0.567336E+04
   0.151803E-02   0.577886E+04
   0.154870E-02   0.588602E+04
   0.157998E-02   0.599486E+04
   0.161190E-02   0.610539E+04
   0.164446E-02   0.621765E+04
   0.167768E-02   0.633164E+04
   0.171158E-02   0.644739E+04
   0.174615E-02   0.656490E+04
   0.178143E-02   0.668420E+04
   0.181741E-02   0.680530E+04
   0.185413E-02   0.692822E+04
   0.189158E-02   0.705297E+04
   0.192980E-02   0.717957E+04
   0.196878E-02   0.730802E+04
   0.200855E-02   0.743835E+04
   0.204913E-02   0.757057E+04
   0.209052E-02   0.770469E+04
   0.213276E-02   0.784072E+04
   0.217584E-02   0.797867E+04
   0.221979E-02   0.811855E+04
   0.226464E-02   0.826038E+04
   0.231039E-02   0.840416E+04
   0.235706E-02   0.854990E+04
   0.240467E-02   0.869761E+04
   0.245325E-02   0.884729E+04
   0.250281E-02   0.899895E+04
   0.255337E-02   0.915259E+04
   0.260495E-02   0.930822E+04
   0.265758E-02   0.946583E+04
   0.271126E-02   0.962544E+04
   0.276603E-02   0.978703E+04
   0.282191E-02   0.995060E+04
   0.287892E-02   0.101162E+05
   0.293708E-02   0.102837E+05
   0.299641E-02   0.104532E+05
   0.305694E-02   0.106247E+05
   0.311870E-02   0.107981E+05
   0.318170E-02   0.109734E+05
   0.324597E-02   0.111507E+05
   0.331155E-02   0.113299E+05
   0.337844E-02   0.115110E+05
   0.344669E-02   0.116940E+05
   0.351632E-02   0.118789E+05
   0.358735E-02   0.120655E+05
   0.365982E-02   0.122540E+05
   0.373376E-02   0.124443E+05
   0.380918E-02   0.126363E+05
   0.388613E-02   0.128300E+05
   0.396464E-02   0.130255E+05
   0.404473E-02   0.132226E+05
   0.412644E-02   0.134213E+05
   0.420980E-02   0.136215E+05
   0.429484E-02   0.138233E+05
   0.438160E-02   0.140266E+05
   0.447012E-02   0.142313E+05
   0.456042E-02   0.144373E+05
   0.465255E-02   0.146447E+05
   0.474653E-02   0.148534E+05
   0.484242E-02   0.150632E+05
   0.494024E-02   0.152742E+05
   0.504004E-02   0.154863E+05
   0.514186E-02   0.156993E+05
   0.524573E-02   0.159133E+05
   0.535170E-02   0.161280E+05
   0.545981E-02   0.163436E+05
   0.557011E-02   0.165598E+05
   0.568263E-02   0.167765E+05
   0.579743E-02   0.169938E+05
   0.591455E-02   0.172114E+05
   0.603403E-02   0.174293E+05
   0.615592E-02   0.176474E+05
   0.628028E-02   0.178655E+05
   0.640715E-02   0.180836E+05
   0.653658E-02   0.183015E+05
   0.666863E-02   0.185191E+05
   0.680335E-02   0.187362E+05
   0.694078E-02   0.189528E+05
   0.708100E-02   0.191687E+05
   0.722404E-02   0.193837E+05
   0.736998E-02   0.195978E+05
   0.751886E-02   0.198107E+05
   0.767075E-02   0.200223E+05
   0.782571E-02   0.202324E+05
   0.798380E-02   0.204409E+05
   0.814509E-02   0.206475E+05
   0.830963E-02   0.208522E+05
   0.847750E-02   0.210547E+05
   0.864875E-02   0.212548E+05
   0.882347E-02   0.214524E+05
   0.900171E-02   0.216473E+05
   0.918356E-02   0.218391E+05
   0.936908E-02   0.220279E+05
   0.955835E-02   0.222132E+05
   0.975144E-02   0.223949E+05
   0.994843E-02   0.225728E+05
   0.101494E-01   0.227467E+05
   0.103544E-01   0.229163E+05
   0.105636E-01   0.230813E+05
   0.107770E-01   0.232416E+05
   0.109947E-01   0.233968E+05
   0.112168E-01   0.235468E+05
   0.114434E-01   0.236912E+05
   0.116746E-01   0.238299E+05
   0.119104E-01   0.239625E+05
   0.121510E-01   0.240888E+05
   0.123965E-01   0.242085E+05
   0.126469E-01   0.243214E+05
   0.129024E-01   0.244271E+05
   0.131631E-01   0.245254E+05
   0.134290E-01   0.246160E+05
   0.137003E-01   0.246987E+05
   0.139770E-01   0.247731E+05
   0.142594E-01   0.248390E+05
   0.145474E-01   0.248962E+05
   0.148413E-01   0.249443E+05
   0.151411E-01   0.249831E+05
   0.154470E-01   0.250123E+05
   0.157590E-01   0.250316E+05
   0.160774E-01   0.250409E+05
   0.164022E-01   0.250399E+05
   0.167335E-01   0.250282E+05
   0.170716E-01   0.250059E+05
   0.174164E-01   0.249725E+05
   0.177683E-01   0.249279E+05
   0.181272E-01   0.248720E+05
   0.184934E-01   0.248046E+05
   0.188670E-01   0.247255E+05
   0.192481E-01   0.246346E+05
   0.196370E-01   0.245319E+05
   0.200337E-01   0.244171E+05
   0.204384E-01   0.242904E+05
   0.208513E-01   0.241516E+05
   0.212725E-01   0.240007E+05
   0.217022E-01   0.238379E+05
   0.221406E-01   0.236631E+05
   0.225879E-01   0.234765E+05
   0.230442E-01   0.232783E+05
   0.235097E-01   0.230686E+05
   0.239847E-01   0.228476E+05
   0.244692E-01   0.226156E+05
   0.249635E-01   0.223730E+05
   0.254678E-01   0.221200E+05
   0.259823E-01   0.218571E+05
   0.265072E-01   0.215847E+05
   0.270426E-01   0.213033E+05
   0.275889E-01   0.210136E+05
   0.281463E-01   0.207159E+05
   0.287149E-01   0.204111E+05
   0.292949E-01   0.200996E+05
   0.298867E-01   0.197822E+05
   0.304905E-01   0.194598E+05
   0.311064E-01   0.191331E+05
   0.317348E-01   0.188030E+05
   0.323759E-01   0.184700E+05
   0.330299E-01   0.181354E+05
   0.336972E-01   0.177998E+05
   0.343779E-01   0.174644E+05
   0.350724E-01   0.171299E+05
   0.357809E-01   0.167971E+05
   0.365038E-01   0.164671E+05
   0.372412E-01   0.161409E+05
   0.379935E-01   0.158192E+05
   0.387610E-01   0.155029E+05
   0.395440E-01   0.151927E+05
   0.403429E-01   0.148895E+05
   0.411579E-01   0.145940E+05
   0.419893E-01   0.143068E+05
   0.428375E-01   0.140287E+05
   0.437029E-01   0.137599E+05
   0.445858E-01   0.135010E+05
   0.454865E-01   0.132521E+05
   0.464053E-01   0.130136E+05
   0.473428E-01   0.127855E+05
   0.482992E-01   0.125681E+05
   0.492749E-01   0.123608E+05
   0.502703E-01   0.121634E+05
   0.512858E-01   0.119755E+05
   0.523219E-01   0.117968E+05
   0.533789E-01   0.116264E+05
   0.544572E-01   0.114633E+05
   0.555573E-01   0.113066E+05
   0.566796E-01   0.111553E+05
   0.578246E-01   0.110080E+05
   0.589927E-01   0.108632E+05
   0.601845E-01   0.107197E+05
   0.614003E-01   0.105758E+05
   0.626407E-01   0.104300E+05
   0.639061E-01   0.102806E+05
   0.651971E-01   0.101261E+05
   0.665142E-01   0.996499E+04
   0.678578E-01   0.979600E+04
   0.692287E-01   0.961788E+04
   0.706272E-01   0.942972E+04
   0.720539E-01   0.923084E+04
   0.735095E-01   0.902078E+04
   0.749945E-01   0.879962E+04
   0.765095E-01   0.856789E+04
   0.780551E-01   0.832625E+04
   0.796319E-01   0.807611E+04
   0.812406E-01   0.781917E+04
   0.828817E-01   0.755727E+04
   0.845561E-01   0.729292E+04
   0.862642E-01   0.702854E+04
   0.880068E-01   0.676680E+04
   0.897847E-01   0.651051E+04
   0.915985E-01   0.626222E+04
   0.934489E-01   0.602457E+04
   0.953367E-01   0.579981E+04
   0.972626E-01   0.558978E+04
   0.992274E-01   0.539587E+04
   0.101232E+00   0.521919E+04
   0.103277E+00   0.506009E+04
   0.105363E+00   0.491823E+04
   0.107492E+00   0.479307E+04
   0.109663E+00   0.468295E+04
   0.111879E+00   0.458592E+04
   0.114139E+00   0.449953E+04
   0.116445E+00   0.442060E+04
   0.118797E+00   0.434595E+04
   0.121197E+00   0.427202E+04
   0.123645E+00   0.419535E+04
   0.126143E+00   0.411282E+04
   0.128691E+00   0.402170E+04
   0.131291E+00   0.392021E+04
   0.133943E+00   0.380732E+04
   0.136649E+00   0.368331E+04
   0.139409E+00   0.354938E+04
   0.142226E+00   0.340793E+04
   0.145099E+00   0.326210E+04
   0.148030E+00   0.311567E+04
   0.151020E+00   0.297252E+04
   0.154071E+00   0.283647E+04
   0.157184E+00   0.271074E+04
   0.160359E+00   0.259774E+04
   0.163598E+00   0.249881E+04
   0.166903E+00   0.241422E+04
   0.170275E+00   0.234291E+04
   0.173715E+00   0.228284E+04
   0.177224E+00   0.223096E+04
   0.180804E+00   0.218364E+04
   0.184457E+00   0.213702E+04
   0.188183E+00   0.208745E+04
   0.191985E+00   0.203210E+04
   0.195863E+00   0.196928E+04
   0.199820E+00   0.189876E+04
   0.203856E+00   0.182184E+04
   0.207974E+00   0.174107E+04
   0.212176E+00   0.165979E+04
   0.216462E+00   0.158152E+04
   0.220835E+00   0.150936E+04
   0.225296E+00   0.144543E+04
   0.229847E+00   0.139056E+04
   0.234490E+00   0.134418E+04
   0.239227E+00   0.130451E+04
   0.244060E+00   0.126886E+04
   0.248990E+00   0.123423E+04
   0.254020E+00   0.119791E+04
   0.259152E+00   0.115814E+04
   0.264387E+00   0.111444E+04
   0.269728E+00   0.106773E+04
   0.275177E+00   0.101994E+04
   0.280736E+00   0.973461E+03
   0.286407E+00   0.930432E+03
   0.292193E+00   0.892158E+03
   0.298096E+00   0.858803E+03
   0.304118E+00   0.829430E+03
   0.310261E+00   0.802352E+03
   0.316529E+00   0.775709E+03
   0.322923E+00   0.748082E+03
   0.329447E+00   0.718942E+03
   0.336102E+00   0.688745E+03
   0.342892E+00   0.658660E+03
   0.349819E+00   0.630018E+03
   0.356885E+00   0.603764E+03
   0.364095E+00   0.580106E+03
   0.371450E+00   0.558507E+03
   0.378954E+00   0.538000E+03
   0.386609E+00   0.517662E+03
   0.394419E+00   0.497023E+03
   0.402387E+00   0.476225E+03
   0.410516E+00   0.455846E+03
   0.418809E+00   0.436522E+03
   0.427269E+00   0.418586E+03
   0.435901E+00   0.401919E+03
   0.444706E+00   0.386087E+03
   0.453690E+00   0.370632E+03
   0.462855E+00   0.355343E+03
   0.472206E+00   0.340330E+03
   0.481745E+00   0.325877E+03
   0.491477E+00   0.312201E+03
   0.501405E+00   0.299306E+03
   0.511534E+00   0.287008E+03
   0.521868E+00   0.275101E+03
   0.532411E+00   0.263504E+03
   0.543166E+00   0.252281E+03
   0.554139E+00   0.241542E+03
   0.565333E+00   0.231326E+03
   0.576753E+00   0.221570E+03
   0.588404E+00   0.212181E+03
   0.600291E+00   0.203114E+03
   0.612418E+00   0.194386E+03
   0.624789E+00   0.186030E+03
   0.637411E+00   0.178034E+03
   0.650288E+00   0.170373E+03
   0.663424E+00   0.163027E+03
   0.676826E+00   0.155977E+03
   0.690499E+00   0.149211E+03
   0.704448E+00   0.142721E+03
   0.718679E+00   0.136498E+03
   0.733197E+00   0.130535E+03
   0.748009E+00   0.124821E+03
   0.763119E+00   0.119346E+03
   0.778536E+00   0.114100E+03
   0.794263E+00   0.109075E+03
   0.810308E+00   0.104260E+03
   0.826677E+00   0.996486E+02
   0.843378E+00   0.952320E+02
   0.860415E+00   0.910028E+02
   0.877797E+00   0.869535E+02
   0.895529E+00   0.830769E+02
   0.913620E+00   0.793661E+02
   0.932076E+00   0.758145E+02
   0.950906E+00   0.724156E+02
   0.970115E+00   0.691630E+02
   0.989713E+00   0.660508E+02
   0.100971E+01   0.630732E+02
   0.103010E+01   0.602246E+02
   0.105091E+01   0.574995E+02
   0.107214E+01   0.548931E+02
   0.109380E+01   0.524004E+02
   0.111590E+01   0.500168E+02
   0.113844E+01   0.477379E+02
   0.116144E+01   0.455592E+02
   0.118490E+01   0.434765E+02
   0.120884E+01   0.414857E+02
   0.123326E+01   0.395829E+02
   0.125817E+01   0.377645E+02
   0.128359E+01   0.360268E+02
   0.130952E+01   0.343666E+02
   0.133597E+01   0.327805E+02
   0.136296E+01   0.312653E+02
   0.139049E+01   0.298180E+02
   0.141858E+01   0.284358E+02
   0.144724E+01   0.271157E+02
   0.147648E+01   0.258552E+02
   0.150630E+01   0.246515E+02
   0.153673E+01   0.235021E+02
   0.156778E+01   0.224046E+02
   0.159945E+01   0.213568E+02
   0.163176E+01   0.203564E+02
   0.166472E+01   0.194014E+02
   0.169835E+01   0.184896E+02
   0.173266E+01   0.176193E+02
   0.176766E+01   0.167886E+02
   0.180337E+01   0.159959E+02
   0.183980E+01   0.152396E+02
   0.187697E+01   0.145183E+02
   0.191489E+01   0.138304E+02
   0.195357E+01   0.131747E+02
   0.199304E+01   0.125496E+02
   0.203330E+01   0.119540E+02
   0.207437E+01   0.113864E+02
