#           k/h    P           
   0.100000E-03   0.160969E+03
   0.102020E-03   0.164105E+03
   0.104081E-03   0.167302E+03
   0.106184E-03   0.170562E+03
   0.108329E-03   0.173885E+03
   0.110517E-03   0.177273E+03
   0.112750E-03   0.180727E+03
   0.115027E-03   0.184248E+03
   0.117351E-03   0.187838E+03
   0.119722E-03   0.191498E+03
   0.122140E-03   0.195229E+03
   0.124608E-03   0.199032E+03
   0.127125E-03   0.202910E+03
   0.129693E-03   0.206863E+03
   0.132313E-03   0.210894E+03
   0.134986E-03   0.215002E+03
   0.137713E-03   0.219191E+03
   0.140495E-03   0.223462E+03
   0.143333E-03   0.227815E+03
   0.146228E-03   0.232253E+03
   0.149182E-03   0.236778E+03
   0.152196E-03   0.241391E+03
   0.155271E-03   0.246094E+03
   0.158407E-03   0.250888E+03
   0.161607E-03   0.255776E+03
   0.164872E-03   0.260759E+03
   0.168203E-03   0.265838E+03
   0.171601E-03   0.271017E+03
   0.175067E-03   0.276297E+03
   0.178604E-03   0.281679E+03
   0.182212E-03   0.287166E+03
   0.185893E-03   0.292760E+03
   0.189648E-03   0.298463E+03
   0.193479E-03   0.304277E+03
   0.197388E-03   0.310204E+03
   0.201375E-03   0.316247E+03
   0.205443E-03   0.322407E+03
   0.209594E-03   0.328687E+03
   0.213828E-03   0.335089E+03
   0.218147E-03   0.341616E+03
   0.222554E-03   0.348270E+03
   0.227050E-03   0.355053E+03
   0.231637E-03   0.361968E+03
   0.236316E-03   0.369018E+03
   0.241090E-03   0.376205E+03
   0.245960E-03   0.383531E+03
   0.250929E-03   0.391001E+03
   0.255998E-03   0.398615E+03
   0.261170E-03   0.406378E+03
   0.266446E-03   0.414291E+03
   0.271828E-03   0.422359E+03
   0.277319E-03   0.430583E+03
   0.282922E-03   0.438967E+03
   0.288637E-03   0.447514E+03
   0.294468E-03   0.456227E+03
   0.300417E-03   0.465109E+03
   0.306485E-03   0.474164E+03
   0.312677E-03   0.483395E+03
   0.318993E-03   0.492805E+03
   0.325437E-03   0.502398E+03
   0.332012E-03   0.512177E+03
   0.338719E-03   0.522146E+03
   0.345561E-03   0.532308E+03
   0.352542E-03   0.542668E+03
   0.359664E-03   0.553228E+03
   0.366930E-03   0.563993E+03
   0.374342E-03   0.574967E+03
   0.381904E-03   0.586154E+03
   0.389619E-03   0.597557E+03
   0.397490E-03   0.609182E+03
   0.405520E-03   0.621031E+03
   0.413712E-03   0.633110E+03
   0.422070E-03   0.645422E+03
   0.430596E-03   0.657973E+03
   0.439295E-03   0.670766E+03
   0.448169E-03   0.683807E+03
   0.457222E-03   0.697099E+03
   0.466459E-03   0.710648E+03
   0.475882E-03   0.724458E+03
   0.485496E-03   0.738535E+03
   0.495303E-03   0.752883E+03
   0.505309E-03   0.767508E+03
   0.515517E-03   0.782414E+03
   0.525931E-03   0.797606E+03
   0.536556E-03   0.813091E+03
   0.547395E-03   0.828872E+03
   0.558453E-03   0.844957E+03
   0.569734E-03   0.861350E+03
   0.581244E-03   0.878057E+03
   0.592986E-03   0.895084E+03
   0.604965E-03   0.912435E+03
   0.617186E-03   0.930119E+03
   0.629654E-03   0.948139E+03
   0.642374E-03   0.966503E+03
   0.655350E-03   0.985215E+03
   0.668589E-03   0.100428E+04
   0.682096E-03   0.102371E+04
   0.695875E-03   0.104351E+04
   0.709933E-03   0.106368E+04
   0.724274E-03   0.108423E+04
   0.738906E-03   0.110517E+04
   0.753832E-03   0.112651E+04
   0.769061E-03   0.114824E+04
   0.784597E-03   0.117038E+04
   0.800447E-03   0.119293E+04
   0.816617E-03   0.121591E+04
   0.833114E-03   0.123931E+04
   0.849944E-03   0.126314E+04
   0.867114E-03   0.128741E+04
   0.884631E-03   0.131214E+04
   0.902501E-03   0.133731E+04
   0.920733E-03   0.136295E+04
   0.939333E-03   0.138905E+04
   0.958309E-03   0.141564E+04
   0.977668E-03   0.144270E+04
   0.997418E-03   0.147025E+04
   0.101757E-02   0.149830E+04
   0.103812E-02   0.152685E+04
   0.105910E-02   0.155591E+04
   0.108049E-02   0.158549E+04
   0.110232E-02   0.161559E+04
   0.112459E-02   0.164622E+04
   0.114730E-02   0.167739E+04
   0.117048E-02   0.170910E+04
   0.119413E-02   0.174137E+04
   0.121825E-02   0.177419E+04
   0.124286E-02   0.180758E+04
   0.126797E-02   0.184154E+04
   0.129358E-02   0.187608E+04
   0.131971E-02   0.191121E+04
   0.134637E-02   0.194692E+04
   0.137357E-02   0.198324E+04
   0.140132E-02   0.202016E+04
   0.142963E-02   0.205769E+04
   0.145851E-02   0.209584E+04
   0.148797E-02   0.213462E+04
   0.151803E-02   0.217403E+04
   0.154870E-02   0.221408E+04
   0.157998E-02   0.225477E+04
   0.161190E-02   0.229611E+04
   0.164446E-02   0.233811E+04
   0.167768E-02   0.238078E+04
   0.171158E-02   0.242411E+04
   0.174615E-02   0.246813E+04
   0.178143E-02   0.251282E+04
   0.181741E-02   0.255820E+04
   0.185413E-02   0.260428E+04
   0.189158E-02   0.265106E+04
   0.192980E-02   0.269854E+04
   0.196878E-02   0.274673E+04
   0.200855E-02   0.279564E+04
   0.204913E-02   0.284528E+04
   0.209052E-02   0.289563E+04
   0.213276E-02   0.294672E+04
   0.217584E-02   0.299855E+04
   0.221979E-02   0.305111E+04
   0.226464E-02   0.310442E+04
   0.231039E-02   0.315847E+04
   0.235706E-02   0.321327E+04
   0.240467E-02   0.326883E+04
   0.245325E-02   0.332513E+04
   0.250281E-02   0.338220E+04
   0.255337E-02   0.344002E+04
   0.260495E-02   0.349861E+04
   0.265758E-02   0.355795E+04
   0.271126E-02   0.361806E+04
   0.276603E-02   0.367893E+04
   0.282191E-02   0.374055E+04
   0.287892E-02   0.380294E+04
   0.293708E-02   0.386609E+04
   0.299641E-02   0.392999E+04
   0.305694E-02   0.399464E+04
   0.311870E-02   0.406005E+04
   0.318170E-02   0.412620E+04
   0.324597E-02   0.419310E+04
   0.331155E-02   0.426073E+04
   0.337844E-02   0.432909E+04
   0.344669E-02   0.439818E+04
   0.351632E-02   0.446798E+04
   0.358735E-02   0.453850E+04
   0.365982E-02   0.460971E+04
   0.373376E-02   0.468161E+04
   0.380918E-02   0.475420E+04
   0.388613E-02   0.482745E+04
   0.396464E-02   0.490136E+04
   0.404473E-02   0.497591E+04
   0.412644E-02   0.505109E+04
   0.420980E-02   0.512689E+04
   0.429484E-02   0.520328E+04
   0.438160E-02   0.528025E+04
   0.447012E-02   0.535779E+04
   0.456042E-02   0.543587E+04
   0.465255E-02   0.551447E+04
   0.474653E-02   0.559357E+04
   0.484242E-02   0.567314E+04
   0.494024E-02   0.575318E+04
   0.504004E-02   0.583364E+04
   0.514186E-02   0.591450E+04
   0.524573E-02   0.599574E+04
   0.535170E-02   0.607732E+04
   0.545981E-02   0.615921E+04
   0.557011E-02   0.624139E+04
   0.568263E-02   0.632381E+04
   0.579743E-02   0.640645E+04
   0.591455E-02   0.648926E+04
   0.603403E-02   0.657222E+04
   0.615592E-02   0.665527E+04
   0.628028E-02   0.673838E+04
   0.640715E-02   0.682150E+04
   0.653658E-02   0.690459E+04
   0.666863E-02   0.698761E+04
   0.680335E-02   0.707050E+04
   0.694078E-02   0.715322E+04
   0.708100E-02   0.723571E+04
   0.722404E-02   0.731793E+04
   0.736998E-02   0.739981E+04
   0.751886E-02   0.748130E+04
   0.767075E-02   0.756234E+04
   0.782571E-02   0.764288E+04
   0.798380E-02   0.772283E+04
   0.814509E-02   0.780215E+04
   0.830963E-02   0.788077E+04
   0.847750E-02   0.795861E+04
   0.864875E-02   0.803560E+04
   0.882347E-02   0.811168E+04
   0.900171E-02   0.818678E+04
   0.918356E-02   0.826080E+04
   0.936908E-02   0.833368E+04
   0.955835E-02   0.840534E+04
   0.975144E-02   0.847568E+04
   0.994843E-02   0.854464E+04
   0.101494E-01   0.861212E+04
   0.103544E-01   0.867802E+04
   0.105636E-01   0.874227E+04
   0.107770E-01   0.880477E+04
   0.109947E-01   0.886543E+04
   0.112168E-01   0.892416E+04
   0.114434E-01   0.898084E+04
   0.116746E-01   0.903540E+04
   0.119104E-01   0.908772E+04
   0.121510E-01   0.913771E+04
   0.123965E-01   0.918526E+04
   0.126469E-01   0.923028E+04
   0.129024E-01   0.927265E+04
   0.131631E-01   0.931228E+04
   0.134290E-01   0.934906E+04
   0.137003E-01   0.938288E+04
   0.139770E-01   0.941363E+04
   0.142594E-01   0.944122E+04
   0.145474E-01   0.946554E+04
   0.148413E-01   0.948648E+04
   0.151411E-01   0.950394E+04
   0.154470E-01   0.951783E+04
   0.157590E-01   0.952804E+04
   0.160774E-01   0.953448E+04
   0.164022E-01   0.953705E+04
   0.167335E-01   0.953566E+04
   0.170716E-01   0.953023E+04
   0.174164E-01   0.952067E+04
   0.177683E-01   0.950691E+04
   0.181272E-01   0.948888E+04
   0.184934E-01   0.946650E+04
   0.188670E-01   0.943973E+04
   0.192481E-01   0.940851E+04
   0.196370E-01   0.937279E+04
   0.200337E-01   0.933255E+04
   0.204384E-01   0.928776E+04
   0.208513E-01   0.923840E+04
   0.212725E-01   0.918447E+04
   0.217022E-01   0.912598E+04
   0.221406E-01   0.906294E+04
   0.225879E-01   0.899540E+04
   0.230442E-01   0.892341E+04
   0.235097E-01   0.884702E+04
   0.239847E-01   0.876630E+04
   0.244692E-01   0.868136E+04
   0.249635E-01   0.859231E+04
   0.254678E-01   0.849928E+04
   0.259823E-01   0.840240E+04
   0.265072E-01   0.830182E+04
   0.270426E-01   0.819773E+04
   0.275889E-01   0.809035E+04
   0.281463E-01   0.797988E+04
   0.287149E-01   0.786654E+04
   0.292949E-01   0.775055E+04
   0.298867E-01   0.763220E+04
   0.304905E-01   0.751177E+04
   0.311064E-01   0.738958E+04
   0.317348E-01   0.726590E+04
   0.323759E-01   0.714102E+04
   0.330299E-01   0.701528E+04
   0.336972E-01   0.688905E+04
   0.343779E-01   0.676267E+04
   0.350724E-01   0.663647E+04
   0.357809E-01   0.651075E+04
   0.365038E-01   0.638589E+04
   0.372412E-01   0.626224E+04
   0.379935E-01   0.614015E+04
   0.387610E-01   0.601994E+04
   0.395440E-01   0.590188E+04
   0.403429E-01   0.578630E+04
   0.411579E-01   0.567346E+04
   0.419893E-01   0.556363E+04
   0.428375E-01   0.545705E+04
   0.437029E-01   0.535393E+04
   0.445858E-01   0.525441E+04
   0.454865E-01   0.515859E+04
   0.464053E-01   0.506659E+04
   0.473428E-01   0.497848E+04
   0.482992E-01   0.489431E+04
   0.492749E-01   0.481396E+04
   0.502703E-01   0.473732E+04
   0.512858E-01   0.466428E+04
   0.523219E-01   0.459470E+04
   0.533789E-01   0.452828E+04
   0.544572E-01   0.446466E+04
   0.555573E-01   0.440350E+04
   0.566796E-01   0.434446E+04
   0.578246E-01   0.428704E+04
   0.589927E-01   0.423068E+04
   0.601845E-01   0.417486E+04
   0.614003E-01   0.411905E+04
   0.626407E-01   0.406262E+04
   0.639061E-01   0.400496E+04
   0.651971E-01   0.394549E+04
   0.665142E-01   0.388365E+04
   0.678578E-01   0.381893E+04
   0.692287E-01   0.375085E+04
   0.706272E-01   0.367904E+04
   0.720539E-01   0.360324E+04
   0.735095E-01   0.352323E+04
   0.749945E-01   0.343900E+04
   0.765095E-01   0.335073E+04
   0.780551E-01   0.325864E+04
   0.796319E-01   0.316319E+04
   0.812406E-01   0.306503E+04
   0.828817E-01   0.296481E+04
   0.845561E-01   0.286343E+04
   0.862642E-01   0.276184E+04
   0.880068E-01   0.266099E+04
   0.897847E-01   0.256197E+04
   0.915985E-01   0.246576E+04
   0.934489E-01   0.237335E+04
   0.953367E-01   0.228563E+04
   0.972626E-01   0.220336E+04
   0.992274E-01   0.212709E+04
   0.101232E+00   0.205727E+04
   0.103277E+00   0.199413E+04
   0.105363E+00   0.193756E+04
   0.107492E+00   0.188740E+04
   0.109663E+00   0.184312E+04
   0.111879E+00   0.180398E+04
   0.114139E+00   0.176912E+04
   0.116445E+00   0.173737E+04
   0.118797E+00   0.170754E+04
   0.121197E+00   0.167828E+04
   0.123645E+00   0.164827E+04
   0.126143E+00   0.161631E+04
   0.128691E+00   0.158130E+04
   0.131291E+00   0.154249E+04
   0.133943E+00   0.149944E+04
   0.136649E+00   0.145211E+04
   0.139409E+00   0.140091E+04
   0.142226E+00   0.134664E+04
   0.145099E+00   0.129044E+04
   0.148030E+00   0.123370E+04
   0.151020E+00   0.117791E+04
   0.154071E+00   0.112452E+04
   0.157184E+00   0.107483E+04
   0.160359E+00   0.102982E+04
   0.163598E+00   0.990111E+03
   0.166903E+00   0.955885E+03
   0.170275E+00   0.926847E+03
   0.173715E+00   0.902315E+03
   0.177224E+00   0.881183E+03
   0.180804E+00   0.862115E+03
   0.184457E+00   0.843639E+03
   0.188183E+00   0.824339E+03
   0.191985E+00   0.803055E+03
   0.195863E+00   0.779031E+03
   0.199820E+00   0.752063E+03
   0.203856E+00   0.722530E+03
   0.207974E+00   0.691303E+03
   0.212176E+00   0.659606E+03
   0.216462E+00   0.628793E+03
   0.220835E+00   0.600094E+03
   0.225296E+00   0.574408E+03
   0.229847E+00   0.552166E+03
   0.234490E+00   0.533270E+03
   0.239227E+00   0.517126E+03
   0.244060E+00   0.502766E+03
   0.248990E+00   0.489048E+03
   0.254020E+00   0.474899E+03
   0.259152E+00   0.459550E+03
   0.264387E+00   0.442711E+03
   0.269728E+00   0.424619E+03
   0.275177E+00   0.405949E+03
   0.280736E+00   0.387596E+03
   0.286407E+00   0.370418E+03
   0.292193E+00   0.354995E+03
   0.298096E+00   0.341487E+03
   0.304118E+00   0.329616E+03
   0.310261E+00   0.318784E+03
   0.316529E+00   0.308272E+03
   0.322923E+00   0.297486E+03
   0.329447E+00   0.286142E+03
   0.336102E+00   0.274340E+03
   0.342892E+00   0.262481E+03
   0.349819E+00   0.251081E+03
   0.356885E+00   0.240548E+03
   0.364095E+00   0.231024E+03
   0.371450E+00   0.222359E+03
   0.378954E+00   0.214204E+03
   0.386609E+00   0.206186E+03
   0.394419E+00   0.198079E+03
   0.402387E+00   0.189889E+03
   0.410516E+00   0.181814E+03
   0.418809E+00   0.174104E+03
   0.427269E+00   0.166919E+03
   0.435901E+00   0.160249E+03
   0.444706E+00   0.153946E+03
   0.453690E+00   0.147825E+03
   0.462855E+00   0.141780E+03
   0.472206E+00   0.135830E+03
   0.481745E+00   0.130076E+03
   0.491477E+00   0.124614E+03
   0.501405E+00   0.119463E+03
   0.511534E+00   0.114564E+03
   0.521868E+00   0.109835E+03
   0.532411E+00   0.105230E+03
   0.543166E+00   0.100765E+03
   0.554139E+00   0.964826E+02
   0.565333E+00   0.924050E+02
   0.576753E+00   0.885155E+02
   0.588404E+00   0.847778E+02
   0.600291E+00   0.811685E+02
   0.612418E+00   0.776906E+02
   0.624789E+00   0.743574E+02
   0.637411E+00   0.711682E+02
   0.650288E+00   0.681132E+02
   0.663424E+00   0.651838E+02
   0.676826E+00   0.623723E+02
   0.690499E+00   0.596732E+02
   0.704448E+00   0.570835E+02
   0.718679E+00   0.546001E+02
   0.733197E+00   0.522200E+02
   0.748009E+00   0.499393E+02
   0.763119E+00   0.477538E+02
   0.778536E+00   0.456596E+02
   0.794263E+00   0.436528E+02
   0.810308E+00   0.417302E+02
   0.826677E+00   0.398883E+02
   0.843378E+00   0.381241E+02
   0.860415E+00   0.364346E+02
   0.877797E+00   0.348167E+02
   0.895529E+00   0.332676E+02
   0.913620E+00   0.317846E+02
   0.932076E+00   0.303651E+02
   0.950906E+00   0.290064E+02
   0.970115E+00   0.277061E+02
   0.989713E+00   0.264618E+02
   0.100971E+01   0.252711E+02
   0.103010E+01   0.241319E+02
   0.105091E+01   0.230420E+02
   0.107214E+01   0.219994E+02
   0.109380E+01   0.210022E+02
   0.111590E+01   0.200486E+02
   0.113844E+01   0.191367E+02
   0.116144E+01   0.182649E+02
   0.118490E+01   0.174313E+02
   0.120884E+01   0.166345E+02
   0.123326E+01   0.158728E+02
   0.125817E+01   0.151448E+02
   0.128359E+01   0.144492E+02
   0.130952E+01   0.137844E+02
   0.133597E+01   0.131492E+02
   0.136296E+01   0.125424E+02
   0.139049E+01   0.119627E+02
   0.141858E+01   0.114090E+02
   0.144724E+01   0.108802E+02
   0.147648E+01   0.103752E+02
   0.150630E+01   0.989291E+01
   0.153673E+01   0.943234E+01
   0.156778E+01   0.899254E+01
   0.159945E+01   0.857259E+01
   0.163176E+01   0.817161E+01
   0.166472E+01   0.778877E+01
   0.169835E+01   0.742327E+01
   0.173266E+01   0.707433E+01
   0.176766E+01   0.674125E+01
   0.180337E+01   0.642338E+01
   0.183980E+01   0.612010E+01
   0.187697E+01   0.583081E+01
   0.191489E+01   0.555492E+01
   0.195357E+01   0.529188E+01
   0.199304E+01   0.504115E+01
   0.203330E+01   0.480218E+01
   0.207437E+01   0.457448E+01
