#           k/h    P           
   0.100000E-03   0.201893E+03
   0.102020E-03   0.205828E+03
   0.104081E-03   0.209839E+03
   0.106184E-03   0.213929E+03
   0.108329E-03   0.218098E+03
   0.110517E-03   0.222349E+03
   0.112750E-03   0.226682E+03
   0.115027E-03   0.231100E+03
   0.117351E-03   0.235604E+03
   0.119722E-03   0.240196E+03
   0.122140E-03   0.244877E+03
   0.124608E-03   0.249650E+03
   0.127125E-03   0.254516E+03
   0.129693E-03   0.259476E+03
   0.132313E-03   0.264534E+03
   0.134986E-03   0.269689E+03
   0.137713E-03   0.274946E+03
   0.140495E-03   0.280305E+03
   0.143333E-03   0.285769E+03
   0.146228E-03   0.291339E+03
   0.149182E-03   0.297017E+03
   0.152196E-03   0.302807E+03
   0.155271E-03   0.308709E+03
   0.158407E-03   0.314727E+03
   0.161607E-03   0.320862E+03
   0.164872E-03   0.327116E+03
   0.168203E-03   0.333493E+03
   0.171601E-03   0.339994E+03
   0.175067E-03   0.346622E+03
   0.178604E-03   0.353379E+03
   0.182212E-03   0.360268E+03
   0.185893E-03   0.367291E+03
   0.189648E-03   0.374452E+03
   0.193479E-03   0.381752E+03
   0.197388E-03   0.389195E+03
   0.201375E-03   0.396783E+03
   0.205443E-03   0.404519E+03
   0.209594E-03   0.412406E+03
   0.213828E-03   0.420447E+03
   0.218147E-03   0.428644E+03
   0.222554E-03   0.437002E+03
   0.227050E-03   0.445523E+03
   0.231637E-03   0.454211E+03
   0.236316E-03   0.463068E+03
   0.241090E-03   0.472098E+03
   0.245960E-03   0.481304E+03
   0.250929E-03   0.490690E+03
   0.255998E-03   0.500259E+03
   0.261170E-03   0.510015E+03
   0.266446E-03   0.519962E+03
   0.271828E-03   0.530102E+03
   0.277319E-03   0.540441E+03
   0.282922E-03   0.550982E+03
   0.288637E-03   0.561729E+03
   0.294468E-03   0.572685E+03
   0.300417E-03   0.583856E+03
   0.306485E-03   0.595245E+03
   0.312677E-03   0.606856E+03
   0.318993E-03   0.618694E+03
   0.325437E-03   0.630763E+03
   0.332012E-03   0.643068E+03
   0.338719E-03   0.655613E+03
   0.345561E-03   0.668403E+03
   0.352542E-03   0.681443E+03
   0.359664E-03   0.694738E+03
   0.366930E-03   0.708292E+03
   0.374342E-03   0.722111E+03
   0.381904E-03   0.736200E+03
   0.389619E-03   0.750563E+03
   0.397490E-03   0.765208E+03
   0.405520E-03   0.780138E+03
   0.413712E-03   0.795359E+03
   0.422070E-03   0.810877E+03
   0.430596E-03   0.826698E+03
   0.439295E-03   0.842828E+03
   0.448169E-03   0.859272E+03
   0.457222E-03   0.876037E+03
   0.466459E-03   0.893128E+03
   0.475882E-03   0.910552E+03
   0.485496E-03   0.928316E+03
   0.495303E-03   0.946425E+03
   0.505309E-03   0.964886E+03
   0.515517E-03   0.983706E+03
   0.525931E-03   0.100289E+04
   0.536556E-03   0.102245E+04
   0.547395E-03   0.104239E+04
   0.558453E-03   0.106271E+04
   0.569734E-03   0.108343E+04
   0.581244E-03   0.110455E+04
   0.592986E-03   0.112608E+04
   0.604965E-03   0.114803E+04
   0.617186E-03   0.117039E+04
   0.629654E-03   0.119319E+04
   0.642374E-03   0.121643E+04
   0.655350E-03   0.124011E+04
   0.668589E-03   0.126425E+04
   0.682096E-03   0.128885E+04
   0.695875E-03   0.131393E+04
   0.709933E-03   0.133948E+04
   0.724274E-03   0.136552E+04
   0.738906E-03   0.139205E+04
   0.753832E-03   0.141909E+04
   0.769061E-03   0.144664E+04
   0.784597E-03   0.147471E+04
   0.800447E-03   0.150330E+04
   0.816617E-03   0.153244E+04
   0.833114E-03   0.156212E+04
   0.849944E-03   0.159236E+04
   0.867114E-03   0.162316E+04
   0.884631E-03   0.165453E+04
   0.902501E-03   0.168648E+04
   0.920733E-03   0.171902E+04
   0.939333E-03   0.175216E+04
   0.958309E-03   0.178591E+04
   0.977668E-03   0.182026E+04
   0.997418E-03   0.185525E+04
   0.101757E-02   0.189086E+04
   0.103812E-02   0.192711E+04
   0.105910E-02   0.196402E+04
   0.108049E-02   0.200158E+04
   0.110232E-02   0.203980E+04
   0.112459E-02   0.207870E+04
   0.114730E-02   0.211828E+04
   0.117048E-02   0.215856E+04
   0.119413E-02   0.219953E+04
   0.121825E-02   0.224121E+04
   0.124286E-02   0.228360E+04
   0.126797E-02   0.232672E+04
   0.129358E-02   0.237057E+04
   0.131971E-02   0.241516E+04
   0.134637E-02   0.246050E+04
   0.137357E-02   0.250660E+04
   0.140132E-02   0.255346E+04
   0.142963E-02   0.260110E+04
   0.145851E-02   0.264952E+04
   0.148797E-02   0.269872E+04
   0.151803E-02   0.274873E+04
   0.154870E-02   0.279954E+04
   0.157998E-02   0.285117E+04
   0.161190E-02   0.290361E+04
   0.164446E-02   0.295690E+04
   0.167768E-02   0.301101E+04
   0.171158E-02   0.306598E+04
   0.174615E-02   0.312180E+04
   0.178143E-02   0.317849E+04
   0.181741E-02   0.323604E+04
   0.185413E-02   0.329447E+04
   0.189158E-02   0.335379E+04
   0.192980E-02   0.341400E+04
   0.196878E-02   0.347511E+04
   0.200855E-02   0.353713E+04
   0.204913E-02   0.360006E+04
   0.209052E-02   0.366391E+04
   0.213276E-02   0.372868E+04
   0.217584E-02   0.379438E+04
   0.221979E-02   0.386102E+04
   0.226464E-02   0.392859E+04
   0.231039E-02   0.399711E+04
   0.235706E-02   0.406658E+04
   0.240467E-02   0.413700E+04
   0.245325E-02   0.420837E+04
   0.250281E-02   0.428070E+04
   0.255337E-02   0.435399E+04
   0.260495E-02   0.442824E+04
   0.265758E-02   0.450345E+04
   0.271126E-02   0.457963E+04
   0.276603E-02   0.465677E+04
   0.282191E-02   0.473487E+04
   0.287892E-02   0.481393E+04
   0.293708E-02   0.489395E+04
   0.299641E-02   0.497493E+04
   0.305694E-02   0.505686E+04
   0.311870E-02   0.513974E+04
   0.318170E-02   0.522356E+04
   0.324597E-02   0.530832E+04
   0.331155E-02   0.539402E+04
   0.337844E-02   0.548064E+04
   0.344669E-02   0.556818E+04
   0.351632E-02   0.565662E+04
   0.358735E-02   0.574596E+04
   0.365982E-02   0.583619E+04
   0.373376E-02   0.592729E+04
   0.380918E-02   0.601925E+04
   0.388613E-02   0.611206E+04
   0.396464E-02   0.620569E+04
   0.404473E-02   0.630015E+04
   0.412644E-02   0.639539E+04
   0.420980E-02   0.649142E+04
   0.429484E-02   0.658819E+04
   0.438160E-02   0.668571E+04
   0.447012E-02   0.678393E+04
   0.456042E-02   0.688284E+04
   0.465255E-02   0.698242E+04
   0.474653E-02   0.708262E+04
   0.484242E-02   0.718343E+04
   0.494024E-02   0.728482E+04
   0.504004E-02   0.738674E+04
   0.514186E-02   0.748918E+04
   0.524573E-02   0.759208E+04
   0.535170E-02   0.769543E+04
   0.545981E-02   0.779917E+04
   0.557011E-02   0.790326E+04
   0.568263E-02   0.800767E+04
   0.579743E-02   0.811235E+04
   0.591455E-02   0.821725E+04
   0.603403E-02   0.832232E+04
   0.615592E-02   0.842753E+04
   0.628028E-02   0.853280E+04
   0.640715E-02   0.863809E+04
   0.653658E-02   0.874334E+04
   0.666863E-02   0.884850E+04
   0.680335E-02   0.895349E+04
   0.694078E-02   0.905827E+04
   0.708100E-02   0.916276E+04
   0.722404E-02   0.926690E+04
   0.736998E-02   0.937062E+04
   0.751886E-02   0.947384E+04
   0.767075E-02   0.957649E+04
   0.782571E-02   0.967849E+04
   0.798380E-02   0.977976E+04
   0.814509E-02   0.988023E+04
   0.830963E-02   0.997981E+04
   0.847750E-02   0.100784E+05
   0.864875E-02   0.101759E+05
   0.882347E-02   0.102723E+05
   0.900171E-02   0.103674E+05
   0.918356E-02   0.104612E+05
   0.936908E-02   0.105535E+05
   0.955835E-02   0.106442E+05
   0.975144E-02   0.107333E+05
   0.994843E-02   0.108207E+05
   0.101494E-01   0.109062E+05
   0.103544E-01   0.109896E+05
   0.105636E-01   0.110710E+05
   0.107770E-01   0.111502E+05
   0.109947E-01   0.112270E+05
   0.112168E-01   0.113014E+05
   0.114434E-01   0.113732E+05
   0.116746E-01   0.114423E+05
   0.119104E-01   0.115086E+05
   0.121510E-01   0.115719E+05
   0.123965E-01   0.116321E+05
   0.126469E-01   0.116891E+05
   0.129024E-01   0.117428E+05
   0.131631E-01   0.117930E+05
   0.134290E-01   0.118396E+05
   0.137003E-01   0.118824E+05
   0.139770E-01   0.119214E+05
   0.142594E-01   0.119563E+05
   0.145474E-01   0.119871E+05
   0.148413E-01   0.120137E+05
   0.151411E-01   0.120358E+05
   0.154470E-01   0.120534E+05
   0.157590E-01   0.120663E+05
   0.160774E-01   0.120745E+05
   0.164022E-01   0.120777E+05
   0.167335E-01   0.120760E+05
   0.170716E-01   0.120691E+05
   0.174164E-01   0.120570E+05
   0.177683E-01   0.120396E+05
   0.181272E-01   0.120168E+05
   0.184934E-01   0.119884E+05
   0.188670E-01   0.119545E+05
   0.192481E-01   0.119150E+05
   0.196370E-01   0.118698E+05
   0.200337E-01   0.118188E+05
   0.204384E-01   0.117621E+05
   0.208513E-01   0.116996E+05
   0.212725E-01   0.116313E+05
   0.217022E-01   0.115572E+05
   0.221406E-01   0.114774E+05
   0.225879E-01   0.113919E+05
   0.230442E-01   0.113007E+05
   0.235097E-01   0.112040E+05
   0.239847E-01   0.111017E+05
   0.244692E-01   0.109942E+05
   0.249635E-01   0.108814E+05
   0.254678E-01   0.107636E+05
   0.259823E-01   0.106409E+05
   0.265072E-01   0.105135E+05
   0.270426E-01   0.103817E+05
   0.275889E-01   0.102457E+05
   0.281463E-01   0.101058E+05
   0.287149E-01   0.996228E+04
   0.292949E-01   0.981540E+04
   0.298867E-01   0.966551E+04
   0.304905E-01   0.951301E+04
   0.311064E-01   0.935827E+04
   0.317348E-01   0.920164E+04
   0.323759E-01   0.904349E+04
   0.330299E-01   0.888425E+04
   0.336972E-01   0.872440E+04
   0.343779E-01   0.856435E+04
   0.350724E-01   0.840452E+04
   0.357809E-01   0.824531E+04
   0.365038E-01   0.808718E+04
   0.372412E-01   0.793060E+04
   0.379935E-01   0.777598E+04
   0.387610E-01   0.762374E+04
   0.395440E-01   0.747424E+04
   0.403429E-01   0.732785E+04
   0.411579E-01   0.718496E+04
   0.419893E-01   0.704587E+04
   0.428375E-01   0.691090E+04
   0.437029E-01   0.678031E+04
   0.445858E-01   0.665427E+04
   0.454865E-01   0.653292E+04
   0.464053E-01   0.641641E+04
   0.473428E-01   0.630483E+04
   0.482992E-01   0.619823E+04
   0.492749E-01   0.609648E+04
   0.502703E-01   0.599943E+04
   0.512858E-01   0.590692E+04
   0.523219E-01   0.581880E+04
   0.533789E-01   0.573468E+04
   0.544572E-01   0.565412E+04
   0.555573E-01   0.557667E+04
   0.566796E-01   0.550190E+04
   0.578246E-01   0.542918E+04
   0.589927E-01   0.535781E+04
   0.601845E-01   0.528712E+04
   0.614003E-01   0.521644E+04
   0.626407E-01   0.514498E+04
   0.639061E-01   0.507195E+04
   0.651971E-01   0.499663E+04
   0.665142E-01   0.491832E+04
   0.678578E-01   0.483636E+04
   0.692287E-01   0.475014E+04
   0.706272E-01   0.465920E+04
   0.720539E-01   0.456320E+04
   0.735095E-01   0.446188E+04
   0.749945E-01   0.435522E+04
   0.765095E-01   0.424342E+04
   0.780551E-01   0.412680E+04
   0.796319E-01   0.400592E+04
   0.812406E-01   0.388161E+04
   0.828817E-01   0.375469E+04
   0.845561E-01   0.362630E+04
   0.862642E-01   0.349764E+04
   0.880068E-01   0.336993E+04
   0.897847E-01   0.324453E+04
   0.915985E-01   0.312268E+04
   0.934489E-01   0.300565E+04
   0.953367E-01   0.289457E+04
   0.972626E-01   0.279038E+04
   0.992274E-01   0.269379E+04
   0.101232E+00   0.260536E+04
   0.103277E+00   0.252540E+04
   0.105363E+00   0.245376E+04
   0.107492E+00   0.239024E+04
   0.109663E+00   0.233416E+04
   0.111879E+00   0.228459E+04
   0.114139E+00   0.224045E+04
   0.116445E+00   0.220024E+04
   0.118797E+00   0.216246E+04
   0.121197E+00   0.212541E+04
   0.123645E+00   0.208740E+04
   0.126143E+00   0.204692E+04
   0.128691E+00   0.200259E+04
   0.131291E+00   0.195344E+04
   0.133943E+00   0.189892E+04
   0.136649E+00   0.183898E+04
   0.139409E+00   0.177414E+04
   0.142226E+00   0.170541E+04
   0.145099E+00   0.163424E+04
   0.148030E+00   0.156239E+04
   0.151020E+00   0.149173E+04
   0.154071E+00   0.142412E+04
   0.157184E+00   0.136119E+04
   0.160359E+00   0.130418E+04
   0.163598E+00   0.125390E+04
   0.166903E+00   0.121055E+04
   0.170275E+00   0.117378E+04
   0.173715E+00   0.114271E+04
   0.177224E+00   0.111595E+04
   0.180804E+00   0.109180E+04
   0.184457E+00   0.106840E+04
   0.188183E+00   0.104396E+04
   0.191985E+00   0.101700E+04
   0.195863E+00   0.986579E+03
   0.199820E+00   0.952427E+03
   0.203856E+00   0.915025E+03
   0.207974E+00   0.875479E+03
   0.212176E+00   0.835338E+03
   0.216462E+00   0.796315E+03
   0.220835E+00   0.759969E+03
   0.225296E+00   0.727440E+03
   0.229847E+00   0.699273E+03
   0.234490E+00   0.675343E+03
   0.239227E+00   0.654898E+03
   0.244060E+00   0.636713E+03
   0.248990E+00   0.619340E+03
   0.254020E+00   0.601421E+03
   0.259152E+00   0.581983E+03
   0.264387E+00   0.560657E+03
   0.269728E+00   0.537746E+03
   0.275177E+00   0.514101E+03
   0.280736E+00   0.490859E+03
   0.286407E+00   0.469104E+03
   0.292193E+00   0.449572E+03
   0.298096E+00   0.432465E+03
   0.304118E+00   0.417432E+03
   0.310261E+00   0.403714E+03
   0.316529E+00   0.390402E+03
   0.322923E+00   0.376742E+03
   0.329447E+00   0.362376E+03
   0.336102E+00   0.347429E+03
   0.342892E+00   0.332411E+03
   0.349819E+00   0.317974E+03
   0.356885E+00   0.304634E+03
   0.364095E+00   0.292573E+03
   0.371450E+00   0.281600E+03
   0.378954E+00   0.271272E+03
   0.386609E+00   0.261117E+03
   0.394419E+00   0.250851E+03
   0.402387E+00   0.240479E+03
   0.410516E+00   0.230252E+03
   0.418809E+00   0.220488E+03
   0.427269E+00   0.211389E+03
   0.435901E+00   0.202943E+03
   0.444706E+00   0.194960E+03
   0.453690E+00   0.187208E+03
   0.462855E+00   0.179553E+03
   0.472206E+00   0.172018E+03
   0.481745E+00   0.164731E+03
   0.491477E+00   0.157813E+03
   0.501405E+00   0.151290E+03
   0.511534E+00   0.145086E+03
   0.521868E+00   0.139097E+03
   0.532411E+00   0.133265E+03
   0.543166E+00   0.127611E+03
   0.554139E+00   0.122187E+03
   0.565333E+00   0.117023E+03
   0.576753E+00   0.112098E+03
   0.588404E+00   0.107364E+03
   0.600291E+00   0.102793E+03
   0.612418E+00   0.983888E+02
   0.624789E+00   0.941676E+02
   0.637411E+00   0.901288E+02
   0.650288E+00   0.862598E+02
   0.663424E+00   0.825500E+02
   0.676826E+00   0.789895E+02
   0.690499E+00   0.755713E+02
   0.704448E+00   0.722916E+02
   0.718679E+00   0.691466E+02
   0.733197E+00   0.661324E+02
   0.748009E+00   0.632440E+02
   0.763119E+00   0.604763E+02
   0.778536E+00   0.578241E+02
   0.794263E+00   0.552828E+02
   0.810308E+00   0.528479E+02
   0.826677E+00   0.505153E+02
   0.843378E+00   0.482811E+02
   0.860415E+00   0.461414E+02
   0.877797E+00   0.440925E+02
   0.895529E+00   0.421307E+02
   0.913620E+00   0.402526E+02
   0.932076E+00   0.384549E+02
   0.950906E+00   0.367343E+02
   0.970115E+00   0.350875E+02
   0.989713E+00   0.335117E+02
   0.100971E+01   0.320038E+02
   0.103010E+01   0.305611E+02
   0.105091E+01   0.291808E+02
   0.107214E+01   0.278605E+02
   0.109380E+01   0.265976E+02
   0.111590E+01   0.253899E+02
   0.113844E+01   0.242351E+02
   0.116144E+01   0.231310E+02
   0.118490E+01   0.220754E+02
   0.120884E+01   0.210662E+02
   0.123326E+01   0.201016E+02
   0.125817E+01   0.191797E+02
   0.128359E+01   0.182987E+02
   0.130952E+01   0.174568E+02
   0.133597E+01   0.166524E+02
   0.136296E+01   0.158839E+02
   0.139049E+01   0.151498E+02
   0.141858E+01   0.144486E+02
   0.144724E+01   0.137789E+02
   0.147648E+01   0.131394E+02
   0.150630E+01   0.125286E+02
   0.153673E+01   0.119453E+02
   0.156778E+01   0.113883E+02
   0.159945E+01   0.108565E+02
   0.163176E+01   0.103487E+02
   0.166472E+01   0.986385E+01
   0.169835E+01   0.940097E+01
   0.173266E+01   0.895907E+01
   0.176766E+01   0.853725E+01
   0.180337E+01   0.813469E+01
   0.183980E+01   0.775061E+01
   0.187697E+01   0.738424E+01
   0.191489E+01   0.703486E+01
   0.195357E+01   0.670174E+01
   0.199304E+01   0.638420E+01
   0.203330E+01   0.608157E+01
   0.207437E+01   0.579320E+01
