#           k/h    P           
   0.100000E-03   0.316584E+03
   0.102020E-03   0.322761E+03
   0.104081E-03   0.329059E+03
   0.106184E-03   0.335479E+03
   0.108329E-03   0.342026E+03
   0.110517E-03   0.348701E+03
   0.112750E-03   0.355506E+03
   0.115027E-03   0.362444E+03
   0.117351E-03   0.369519E+03
   0.119722E-03   0.376732E+03
   0.122140E-03   0.384086E+03
   0.124608E-03   0.391584E+03
   0.127125E-03   0.399230E+03
   0.129693E-03   0.407025E+03
   0.132313E-03   0.414973E+03
   0.134986E-03   0.423077E+03
   0.137713E-03   0.431340E+03
   0.140495E-03   0.439765E+03
   0.143333E-03   0.448355E+03
   0.146228E-03   0.457115E+03
   0.149182E-03   0.466046E+03
   0.152196E-03   0.475152E+03
   0.155271E-03   0.484438E+03
   0.158407E-03   0.493906E+03
   0.161607E-03   0.503560E+03
   0.164872E-03   0.513404E+03
   0.168203E-03   0.523442E+03
   0.171601E-03   0.533678E+03
   0.175067E-03   0.544115E+03
   0.178604E-03   0.554757E+03
   0.182212E-03   0.565610E+03
   0.185893E-03   0.576676E+03
   0.189648E-03   0.587961E+03
   0.193479E-03   0.599468E+03
   0.197388E-03   0.611202E+03
   0.201375E-03   0.623169E+03
   0.205443E-03   0.635371E+03
   0.209594E-03   0.647815E+03
   0.213828E-03   0.660505E+03
   0.218147E-03   0.673446E+03
   0.222554E-03   0.686643E+03
   0.227050E-03   0.700102E+03
   0.231637E-03   0.713827E+03
   0.236316E-03   0.727825E+03
   0.241090E-03   0.742100E+03
   0.245960E-03   0.756659E+03
   0.250929E-03   0.771507E+03
   0.255998E-03   0.786650E+03
   0.261170E-03   0.802094E+03
   0.266446E-03   0.817846E+03
   0.271828E-03   0.833911E+03
   0.277319E-03   0.850296E+03
   0.282922E-03   0.867009E+03
   0.288637E-03   0.884054E+03
   0.294468E-03   0.901440E+03
   0.300417E-03   0.919174E+03
   0.306485E-03   0.937262E+03
   0.312677E-03   0.955712E+03
   0.318993E-03   0.974531E+03
   0.325437E-03   0.993727E+03
   0.332012E-03   0.101331E+04
   0.338719E-03   0.103328E+04
   0.345561E-03   0.105366E+04
   0.352542E-03   0.107444E+04
   0.359664E-03   0.109564E+04
   0.366930E-03   0.111727E+04
   0.374342E-03   0.113934E+04
   0.381904E-03   0.116184E+04
   0.389619E-03   0.118481E+04
   0.397490E-03   0.120823E+04
   0.405520E-03   0.123213E+04
   0.413712E-03   0.125651E+04
   0.422070E-03   0.128138E+04
   0.430596E-03   0.130675E+04
   0.439295E-03   0.133264E+04
   0.448169E-03   0.135905E+04
   0.457222E-03   0.138599E+04
   0.466459E-03   0.141348E+04
   0.475882E-03   0.144153E+04
   0.485496E-03   0.147014E+04
   0.495303E-03   0.149933E+04
   0.505309E-03   0.152911E+04
   0.515517E-03   0.155949E+04
   0.525931E-03   0.159049E+04
   0.536556E-03   0.162211E+04
   0.547395E-03   0.165437E+04
   0.558453E-03   0.168728E+04
   0.569734E-03   0.172086E+04
   0.581244E-03   0.175511E+04
   0.592986E-03   0.179005E+04
   0.604965E-03   0.182569E+04
   0.617186E-03   0.186204E+04
   0.629654E-03   0.189913E+04
   0.642374E-03   0.193695E+04
   0.655350E-03   0.197553E+04
   0.668589E-03   0.201487E+04
   0.682096E-03   0.205500E+04
   0.695875E-03   0.209592E+04
   0.709933E-03   0.213765E+04
   0.724274E-03   0.218020E+04
   0.738906E-03   0.222359E+04
   0.753832E-03   0.226782E+04
   0.769061E-03   0.231291E+04
   0.784597E-03   0.235888E+04
   0.800447E-03   0.240574E+04
   0.816617E-03   0.245349E+04
   0.833114E-03   0.250216E+04
   0.849944E-03   0.255176E+04
   0.867114E-03   0.260230E+04
   0.884631E-03   0.265378E+04
   0.902501E-03   0.270624E+04
   0.920733E-03   0.275966E+04
   0.939333E-03   0.281408E+04
   0.958309E-03   0.286950E+04
   0.977668E-03   0.292593E+04
   0.997418E-03   0.298339E+04
   0.101757E-02   0.304189E+04
   0.103812E-02   0.310143E+04
   0.105910E-02   0.316204E+04
   0.108049E-02   0.322371E+04
   0.110232E-02   0.328648E+04
   0.112459E-02   0.335033E+04
   0.114730E-02   0.341530E+04
   0.117048E-02   0.348138E+04
   0.119413E-02   0.354860E+04
   0.121825E-02   0.361696E+04
   0.124286E-02   0.368648E+04
   0.126797E-02   0.375717E+04
   0.129358E-02   0.382903E+04
   0.131971E-02   0.390209E+04
   0.134637E-02   0.397636E+04
   0.137357E-02   0.405185E+04
   0.140132E-02   0.412857E+04
   0.142963E-02   0.420653E+04
   0.145851E-02   0.428576E+04
   0.148797E-02   0.436626E+04
   0.151803E-02   0.444805E+04
   0.154870E-02   0.453115E+04
   0.157998E-02   0.461555E+04
   0.161190E-02   0.470129E+04
   0.164446E-02   0.478837E+04
   0.167768E-02   0.487681E+04
   0.171158E-02   0.496661E+04
   0.174615E-02   0.505781E+04
   0.178143E-02   0.515039E+04
   0.181741E-02   0.524439E+04
   0.185413E-02   0.533980E+04
   0.189158E-02   0.543665E+04
   0.192980E-02   0.553494E+04
   0.196878E-02   0.563469E+04
   0.200855E-02   0.573590E+04
   0.204913E-02   0.583859E+04
   0.209052E-02   0.594276E+04
   0.213276E-02   0.604843E+04
   0.217584E-02   0.615560E+04
   0.221979E-02   0.626429E+04
   0.226464E-02   0.637449E+04
   0.231039E-02   0.648623E+04
   0.235706E-02   0.659949E+04
   0.240467E-02   0.671430E+04
   0.245325E-02   0.683065E+04
   0.250281E-02   0.694855E+04
   0.255337E-02   0.706800E+04
   0.260495E-02   0.718902E+04
   0.265758E-02   0.731159E+04
   0.271126E-02   0.743571E+04
   0.276603E-02   0.756140E+04
   0.282191E-02   0.768865E+04
   0.287892E-02   0.781746E+04
   0.293708E-02   0.794782E+04
   0.299641E-02   0.807973E+04
   0.305694E-02   0.821318E+04
   0.311870E-02   0.834818E+04
   0.318170E-02   0.848470E+04
   0.324597E-02   0.862275E+04
   0.331155E-02   0.876230E+04
   0.337844E-02   0.890336E+04
   0.344669E-02   0.904590E+04
   0.351632E-02   0.918991E+04
   0.358735E-02   0.933538E+04
   0.365982E-02   0.948228E+04
   0.373376E-02   0.963060E+04
   0.380918E-02   0.978031E+04
   0.388613E-02   0.993140E+04
   0.396464E-02   0.100838E+05
   0.404473E-02   0.102376E+05
   0.412644E-02   0.103926E+05
   0.420980E-02   0.105489E+05
   0.429484E-02   0.107064E+05
   0.438160E-02   0.108652E+05
   0.447012E-02   0.110250E+05
   0.456042E-02   0.111860E+05
   0.465255E-02   0.113481E+05
   0.474653E-02   0.115111E+05
   0.484242E-02   0.116752E+05
   0.494024E-02   0.118402E+05
   0.504004E-02   0.120061E+05
   0.514186E-02   0.121728E+05
   0.524573E-02   0.123402E+05
   0.535170E-02   0.125084E+05
   0.545981E-02   0.126772E+05
   0.557011E-02   0.128466E+05
   0.568263E-02   0.130164E+05
   0.579743E-02   0.131868E+05
   0.591455E-02   0.133575E+05
   0.603403E-02   0.135284E+05
   0.615592E-02   0.136996E+05
   0.628028E-02   0.138709E+05
   0.640715E-02   0.140422E+05
   0.653658E-02   0.142134E+05
   0.666863E-02   0.143845E+05
   0.680335E-02   0.145553E+05
   0.694078E-02   0.147258E+05
   0.708100E-02   0.148958E+05
   0.722404E-02   0.150652E+05
   0.736998E-02   0.152339E+05
   0.751886E-02   0.154019E+05
   0.767075E-02   0.155689E+05
   0.782571E-02   0.157348E+05
   0.798380E-02   0.158995E+05
   0.814509E-02   0.160630E+05
   0.830963E-02   0.162250E+05
   0.847750E-02   0.163854E+05
   0.864875E-02   0.165440E+05
   0.882347E-02   0.167008E+05
   0.900171E-02   0.168555E+05
   0.918356E-02   0.170080E+05
   0.936908E-02   0.171582E+05
   0.955835E-02   0.173058E+05
   0.975144E-02   0.174508E+05
   0.994843E-02   0.175929E+05
   0.101494E-01   0.177319E+05
   0.103544E-01   0.178677E+05
   0.105636E-01   0.180001E+05
   0.107770E-01   0.181288E+05
   0.109947E-01   0.182538E+05
   0.112168E-01   0.183748E+05
   0.114434E-01   0.184916E+05
   0.116746E-01   0.186040E+05
   0.119104E-01   0.187118E+05
   0.121510E-01   0.188148E+05
   0.123965E-01   0.189128E+05
   0.126469E-01   0.190056E+05
   0.129024E-01   0.190929E+05
   0.131631E-01   0.191746E+05
   0.134290E-01   0.192503E+05
   0.137003E-01   0.193200E+05
   0.139770E-01   0.193834E+05
   0.142594E-01   0.194403E+05
   0.145474E-01   0.194904E+05
   0.148413E-01   0.195336E+05
   0.151411E-01   0.195696E+05
   0.154470E-01   0.195982E+05
   0.157590E-01   0.196193E+05
   0.160774E-01   0.196326E+05
   0.164022E-01   0.196379E+05
   0.167335E-01   0.196351E+05
   0.170716E-01   0.196240E+05
   0.174164E-01   0.196043E+05
   0.177683E-01   0.195760E+05
   0.181272E-01   0.195389E+05
   0.184934E-01   0.194929E+05
   0.188670E-01   0.194378E+05
   0.192481E-01   0.193735E+05
   0.196370E-01   0.193000E+05
   0.200337E-01   0.192172E+05
   0.204384E-01   0.191250E+05
   0.208513E-01   0.190234E+05
   0.212725E-01   0.189123E+05
   0.217022E-01   0.187919E+05
   0.221406E-01   0.186621E+05
   0.225879E-01   0.185231E+05
   0.230442E-01   0.183749E+05
   0.235097E-01   0.182176E+05
   0.239847E-01   0.180514E+05
   0.244692E-01   0.178765E+05
   0.249635E-01   0.176931E+05
   0.254678E-01   0.175016E+05
   0.259823E-01   0.173021E+05
   0.265072E-01   0.170950E+05
   0.270426E-01   0.168807E+05
   0.275889E-01   0.166596E+05
   0.281463E-01   0.164321E+05
   0.287149E-01   0.161987E+05
   0.292949E-01   0.159599E+05
   0.298867E-01   0.157162E+05
   0.304905E-01   0.154682E+05
   0.311064E-01   0.152166E+05
   0.317348E-01   0.149619E+05
   0.323759E-01   0.147048E+05
   0.330299E-01   0.144459E+05
   0.336972E-01   0.141860E+05
   0.343779E-01   0.139257E+05
   0.350724E-01   0.136658E+05
   0.357809E-01   0.134070E+05
   0.365038E-01   0.131499E+05
   0.372412E-01   0.128953E+05
   0.379935E-01   0.126439E+05
   0.387610E-01   0.123963E+05
   0.395440E-01   0.121532E+05
   0.403429E-01   0.119152E+05
   0.411579E-01   0.116829E+05
   0.419893E-01   0.114567E+05
   0.428375E-01   0.112372E+05
   0.437029E-01   0.110249E+05
   0.445858E-01   0.108200E+05
   0.454865E-01   0.106227E+05
   0.464053E-01   0.104332E+05
   0.473428E-01   0.102518E+05
   0.482992E-01   0.100784E+05
   0.492749E-01   0.991300E+04
   0.502703E-01   0.975518E+04
   0.512858E-01   0.960477E+04
   0.523219E-01   0.946148E+04
   0.533789E-01   0.932471E+04
   0.544572E-01   0.919371E+04
   0.555573E-01   0.906778E+04
   0.566796E-01   0.894621E+04
   0.578246E-01   0.882796E+04
   0.589927E-01   0.871191E+04
   0.601845E-01   0.859697E+04
   0.614003E-01   0.848204E+04
   0.626407E-01   0.836584E+04
   0.639061E-01   0.824710E+04
   0.651971E-01   0.812464E+04
   0.665142E-01   0.799730E+04
   0.678578E-01   0.786403E+04
   0.692287E-01   0.772384E+04
   0.706272E-01   0.757597E+04
   0.720539E-01   0.741987E+04
   0.735095E-01   0.725512E+04
   0.749945E-01   0.708168E+04
   0.765095E-01   0.689990E+04
   0.780551E-01   0.671027E+04
   0.796319E-01   0.651372E+04
   0.812406E-01   0.631158E+04
   0.828817E-01   0.610521E+04
   0.845561E-01   0.589645E+04
   0.862642E-01   0.568725E+04
   0.880068E-01   0.547959E+04
   0.897847E-01   0.527568E+04
   0.915985E-01   0.507756E+04
   0.934489E-01   0.488726E+04
   0.953367E-01   0.470664E+04
   0.972626E-01   0.453722E+04
   0.992274E-01   0.438016E+04
   0.101232E+00   0.423638E+04
   0.103277E+00   0.410636E+04
   0.105363E+00   0.398987E+04
   0.107492E+00   0.388658E+04
   0.109663E+00   0.379540E+04
   0.111879E+00   0.371480E+04
   0.114139E+00   0.364303E+04
   0.116445E+00   0.357765E+04
   0.118797E+00   0.351621E+04
   0.121197E+00   0.345596E+04
   0.123645E+00   0.339417E+04
   0.126143E+00   0.332834E+04
   0.128691E+00   0.325626E+04
   0.131291E+00   0.317634E+04
   0.133943E+00   0.308768E+04
   0.136649E+00   0.299022E+04
   0.139409E+00   0.288479E+04
   0.142226E+00   0.277303E+04
   0.145099E+00   0.265731E+04
   0.148030E+00   0.254048E+04
   0.151020E+00   0.242559E+04
   0.154071E+00   0.231565E+04
   0.157184E+00   0.221332E+04
   0.160359E+00   0.212063E+04
   0.163598E+00   0.203887E+04
   0.166903E+00   0.196839E+04
   0.170275E+00   0.190859E+04
   0.173715E+00   0.185807E+04
   0.177224E+00   0.181456E+04
   0.180804E+00   0.177529E+04
   0.184457E+00   0.173725E+04
   0.188183E+00   0.169750E+04
   0.191985E+00   0.165367E+04
   0.195863E+00   0.160420E+04
   0.199820E+00   0.154867E+04
   0.203856E+00   0.148785E+04
   0.207974E+00   0.142355E+04
   0.212176E+00   0.135828E+04
   0.216462E+00   0.129483E+04
   0.220835E+00   0.123573E+04
   0.225296E+00   0.118284E+04
   0.229847E+00   0.113704E+04
   0.234490E+00   0.109812E+04
   0.239227E+00   0.106488E+04
   0.244060E+00   0.103531E+04
   0.248990E+00   0.100706E+04
   0.254020E+00   0.977926E+03
   0.259152E+00   0.946319E+03
   0.264387E+00   0.911643E+03
   0.269728E+00   0.874389E+03
   0.275177E+00   0.835941E+03
   0.280736E+00   0.798149E+03
   0.286407E+00   0.762776E+03
   0.292193E+00   0.731016E+03
   0.298096E+00   0.703199E+03
   0.304118E+00   0.678755E+03
   0.310261E+00   0.656449E+03
   0.316529E+00   0.634804E+03
   0.322923E+00   0.612593E+03
   0.329447E+00   0.589233E+03
   0.336102E+00   0.564928E+03
   0.342892E+00   0.540508E+03
   0.349819E+00   0.517034E+03
   0.356885E+00   0.495343E+03
   0.364095E+00   0.475732E+03
   0.371450E+00   0.457889E+03
   0.378954E+00   0.441095E+03
   0.386609E+00   0.424583E+03
   0.394419E+00   0.407889E+03
   0.402387E+00   0.391025E+03
   0.410516E+00   0.374396E+03
   0.418809E+00   0.358520E+03
   0.427269E+00   0.343724E+03
   0.435901E+00   0.329990E+03
   0.444706E+00   0.317010E+03
   0.453690E+00   0.304405E+03
   0.462855E+00   0.291958E+03
   0.472206E+00   0.279705E+03
   0.481745E+00   0.267857E+03
   0.491477E+00   0.256609E+03
   0.501405E+00   0.246002E+03
   0.511534E+00   0.235914E+03
   0.521868E+00   0.226175E+03
   0.532411E+00   0.216693E+03
   0.543166E+00   0.207498E+03
   0.554139E+00   0.198680E+03
   0.565333E+00   0.190283E+03
   0.576753E+00   0.182274E+03
   0.588404E+00   0.174577E+03
   0.600291E+00   0.167145E+03
   0.612418E+00   0.159983E+03
   0.624789E+00   0.153119E+03
   0.637411E+00   0.146552E+03
   0.650288E+00   0.140261E+03
   0.663424E+00   0.134228E+03
   0.676826E+00   0.128439E+03
   0.690499E+00   0.122881E+03
   0.704448E+00   0.117548E+03
   0.718679E+00   0.112434E+03
   0.733197E+00   0.107533E+03
   0.748009E+00   0.102836E+03
   0.763119E+00   0.983360E+02
   0.778536E+00   0.940235E+02
   0.794263E+00   0.898912E+02
   0.810308E+00   0.859320E+02
   0.826677E+00   0.821392E+02
   0.843378E+00   0.785063E+02
   0.860415E+00   0.750271E+02
   0.877797E+00   0.716955E+02
   0.895529E+00   0.685056E+02
   0.913620E+00   0.654518E+02
   0.932076E+00   0.625287E+02
   0.950906E+00   0.597308E+02
   0.970115E+00   0.570532E+02
   0.989713E+00   0.544908E+02
   0.100971E+01   0.520390E+02
   0.103010E+01   0.496931E+02
   0.105091E+01   0.474488E+02
   0.107214E+01   0.453019E+02
   0.109380E+01   0.432484E+02
   0.111590E+01   0.412846E+02
   0.113844E+01   0.394069E+02
   0.116144E+01   0.376116E+02
   0.118490E+01   0.358951E+02
   0.120884E+01   0.342542E+02
   0.123326E+01   0.326858E+02
   0.125817E+01   0.311867E+02
   0.128359E+01   0.297541E+02
   0.130952E+01   0.283852E+02
   0.133597E+01   0.270772E+02
   0.136296E+01   0.258276E+02
   0.139049E+01   0.246340E+02
   0.141858E+01   0.234938E+02
   0.144724E+01   0.224049E+02
   0.147648E+01   0.213649E+02
   0.150630E+01   0.203718E+02
   0.153673E+01   0.194233E+02
   0.156778E+01   0.185177E+02
   0.159945E+01   0.176529E+02
   0.163176E+01   0.168272E+02
   0.166472E+01   0.160389E+02
   0.169835E+01   0.152862E+02
   0.173266E+01   0.145677E+02
   0.176766E+01   0.138818E+02
   0.180337E+01   0.132272E+02
   0.183980E+01   0.126027E+02
   0.187697E+01   0.120070E+02
   0.191489E+01   0.114389E+02
   0.195357E+01   0.108972E+02
   0.199304E+01   0.103809E+02
   0.203330E+01   0.988879E+01
   0.207437E+01   0.941990E+01
