#           k/h    P           
   0.100000E-03   0.229592E+03
   0.102020E-03   0.234067E+03
   0.104081E-03   0.238630E+03
   0.106184E-03   0.243281E+03
   0.108329E-03   0.248024E+03
   0.110517E-03   0.252858E+03
   0.112750E-03   0.257788E+03
   0.115027E-03   0.262813E+03
   0.117351E-03   0.267937E+03
   0.119722E-03   0.273160E+03
   0.122140E-03   0.278486E+03
   0.124608E-03   0.283915E+03
   0.127125E-03   0.289450E+03
   0.129693E-03   0.295094E+03
   0.132313E-03   0.300847E+03
   0.134986E-03   0.306713E+03
   0.137713E-03   0.312693E+03
   0.140495E-03   0.318790E+03
   0.143333E-03   0.325006E+03
   0.146228E-03   0.331344E+03
   0.149182E-03   0.337805E+03
   0.152196E-03   0.344393E+03
   0.155271E-03   0.351109E+03
   0.158407E-03   0.357956E+03
   0.161607E-03   0.364937E+03
   0.164872E-03   0.372055E+03
   0.168203E-03   0.379312E+03
   0.171601E-03   0.386710E+03
   0.175067E-03   0.394253E+03
   0.178604E-03   0.401943E+03
   0.182212E-03   0.409784E+03
   0.185893E-03   0.417778E+03
   0.189648E-03   0.425928E+03
   0.193479E-03   0.434238E+03
   0.197388E-03   0.442710E+03
   0.201375E-03   0.451348E+03
   0.205443E-03   0.460155E+03
   0.209594E-03   0.469134E+03
   0.213828E-03   0.478289E+03
   0.218147E-03   0.487623E+03
   0.222554E-03   0.497139E+03
   0.227050E-03   0.506842E+03
   0.231637E-03   0.516735E+03
   0.236316E-03   0.526822E+03
   0.241090E-03   0.537106E+03
   0.245960E-03   0.547591E+03
   0.250929E-03   0.558282E+03
   0.255998E-03   0.569183E+03
   0.261170E-03   0.580296E+03
   0.266446E-03   0.591628E+03
   0.271828E-03   0.603182E+03
   0.277319E-03   0.614962E+03
   0.282922E-03   0.626974E+03
   0.288637E-03   0.639221E+03
   0.294468E-03   0.651708E+03
   0.300417E-03   0.664440E+03
   0.306485E-03   0.677421E+03
   0.312677E-03   0.690658E+03
   0.318993E-03   0.704154E+03
   0.325437E-03   0.717915E+03
   0.332012E-03   0.731946E+03
   0.338719E-03   0.746253E+03
   0.345561E-03   0.760841E+03
   0.352542E-03   0.775715E+03
   0.359664E-03   0.790881E+03
   0.366930E-03   0.806345E+03
   0.374342E-03   0.822113E+03
   0.381904E-03   0.838190E+03
   0.389619E-03   0.854583E+03
   0.397490E-03   0.871299E+03
   0.405520E-03   0.888342E+03
   0.413712E-03   0.905721E+03
   0.422070E-03   0.923441E+03
   0.430596E-03   0.941509E+03
   0.439295E-03   0.959932E+03
   0.448169E-03   0.978716E+03
   0.457222E-03   0.997870E+03
   0.466459E-03   0.101740E+04
   0.475882E-03   0.103731E+04
   0.485496E-03   0.105762E+04
   0.495303E-03   0.107832E+04
   0.505309E-03   0.109942E+04
   0.515517E-03   0.112095E+04
   0.525931E-03   0.114289E+04
   0.536556E-03   0.116526E+04
   0.547395E-03   0.118807E+04
   0.558453E-03   0.121133E+04
   0.569734E-03   0.123504E+04
   0.581244E-03   0.125921E+04
   0.592986E-03   0.128386E+04
   0.604965E-03   0.130898E+04
   0.617186E-03   0.133459E+04
   0.629654E-03   0.136070E+04
   0.642374E-03   0.138732E+04
   0.655350E-03   0.141446E+04
   0.668589E-03   0.144212E+04
   0.682096E-03   0.147031E+04
   0.695875E-03   0.149905E+04
   0.709933E-03   0.152834E+04
   0.724274E-03   0.155819E+04
   0.738906E-03   0.158862E+04
   0.753832E-03   0.161962E+04
   0.769061E-03   0.165122E+04
   0.784597E-03   0.168342E+04
   0.800447E-03   0.171623E+04
   0.816617E-03   0.174965E+04
   0.833114E-03   0.178371E+04
   0.849944E-03   0.181841E+04
   0.867114E-03   0.185376E+04
   0.884631E-03   0.188977E+04
   0.902501E-03   0.192644E+04
   0.920733E-03   0.196379E+04
   0.939333E-03   0.200184E+04
   0.958309E-03   0.204057E+04
   0.977668E-03   0.208002E+04
   0.997418E-03   0.212018E+04
   0.101757E-02   0.216107E+04
   0.103812E-02   0.220270E+04
   0.105910E-02   0.224507E+04
   0.108049E-02   0.228819E+04
   0.110232E-02   0.233208E+04
   0.112459E-02   0.237674E+04
   0.114730E-02   0.242218E+04
   0.117048E-02   0.246842E+04
   0.119413E-02   0.251545E+04
   0.121825E-02   0.256330E+04
   0.124286E-02   0.261196E+04
   0.126797E-02   0.266146E+04
   0.129358E-02   0.271179E+04
   0.131971E-02   0.276297E+04
   0.134637E-02   0.281500E+04
   0.137357E-02   0.286790E+04
   0.140132E-02   0.292168E+04
   0.142963E-02   0.297634E+04
   0.145851E-02   0.303189E+04
   0.148797E-02   0.308835E+04
   0.151803E-02   0.314572E+04
   0.154870E-02   0.320401E+04
   0.157998E-02   0.326323E+04
   0.161190E-02   0.332340E+04
   0.164446E-02   0.338452E+04
   0.167768E-02   0.344659E+04
   0.171158E-02   0.350964E+04
   0.174615E-02   0.357366E+04
   0.178143E-02   0.363867E+04
   0.181741E-02   0.370468E+04
   0.185413E-02   0.377169E+04
   0.189158E-02   0.383972E+04
   0.192980E-02   0.390877E+04
   0.196878E-02   0.397885E+04
   0.200855E-02   0.404996E+04
   0.204913E-02   0.412212E+04
   0.209052E-02   0.419533E+04
   0.213276E-02   0.426960E+04
   0.217584E-02   0.434493E+04
   0.221979E-02   0.442133E+04
   0.226464E-02   0.449881E+04
   0.231039E-02   0.457737E+04
   0.235706E-02   0.465701E+04
   0.240467E-02   0.473774E+04
   0.245325E-02   0.481956E+04
   0.250281E-02   0.490248E+04
   0.255337E-02   0.498650E+04
   0.260495E-02   0.507161E+04
   0.265758E-02   0.515783E+04
   0.271126E-02   0.524515E+04
   0.276603E-02   0.533357E+04
   0.282191E-02   0.542310E+04
   0.287892E-02   0.551372E+04
   0.293708E-02   0.560544E+04
   0.299641E-02   0.569826E+04
   0.305694E-02   0.579217E+04
   0.311870E-02   0.588717E+04
   0.318170E-02   0.598324E+04
   0.324597E-02   0.608039E+04
   0.331155E-02   0.617861E+04
   0.337844E-02   0.627789E+04
   0.344669E-02   0.637822E+04
   0.351632E-02   0.647958E+04
   0.358735E-02   0.658198E+04
   0.365982E-02   0.668538E+04
   0.373376E-02   0.678979E+04
   0.380918E-02   0.689519E+04
   0.388613E-02   0.700155E+04
   0.396464E-02   0.710886E+04
   0.404473E-02   0.721710E+04
   0.412644E-02   0.732626E+04
   0.420980E-02   0.743630E+04
   0.429484E-02   0.754721E+04
   0.438160E-02   0.765896E+04
   0.447012E-02   0.777152E+04
   0.456042E-02   0.788487E+04
   0.465255E-02   0.799898E+04
   0.474653E-02   0.811381E+04
   0.484242E-02   0.822933E+04
   0.494024E-02   0.834552E+04
   0.504004E-02   0.846232E+04
   0.514186E-02   0.857970E+04
   0.524573E-02   0.869763E+04
   0.535170E-02   0.881605E+04
   0.545981E-02   0.893493E+04
   0.557011E-02   0.905421E+04
   0.568263E-02   0.917386E+04
   0.579743E-02   0.929381E+04
   0.591455E-02   0.941401E+04
   0.603403E-02   0.953442E+04
   0.615592E-02   0.965497E+04
   0.628028E-02   0.977560E+04
   0.640715E-02   0.989625E+04
   0.653658E-02   0.100169E+05
   0.666863E-02   0.101374E+05
   0.680335E-02   0.102577E+05
   0.694078E-02   0.103777E+05
   0.708100E-02   0.104975E+05
   0.722404E-02   0.106168E+05
   0.736998E-02   0.107356E+05
   0.751886E-02   0.108539E+05
   0.767075E-02   0.109715E+05
   0.782571E-02   0.110884E+05
   0.798380E-02   0.112045E+05
   0.814509E-02   0.113196E+05
   0.830963E-02   0.114337E+05
   0.847750E-02   0.115467E+05
   0.864875E-02   0.116584E+05
   0.882347E-02   0.117688E+05
   0.900171E-02   0.118778E+05
   0.918356E-02   0.119853E+05
   0.936908E-02   0.120910E+05
   0.955835E-02   0.121950E+05
   0.975144E-02   0.122971E+05
   0.994843E-02   0.123972E+05
   0.101494E-01   0.124951E+05
   0.103544E-01   0.125908E+05
   0.105636E-01   0.126840E+05
   0.107770E-01   0.127747E+05
   0.109947E-01   0.128628E+05
   0.112168E-01   0.129480E+05
   0.114434E-01   0.130303E+05
   0.116746E-01   0.131095E+05
   0.119104E-01   0.131854E+05
   0.121510E-01   0.132579E+05
   0.123965E-01   0.133270E+05
   0.126469E-01   0.133923E+05
   0.129024E-01   0.134538E+05
   0.131631E-01   0.135113E+05
   0.134290E-01   0.135647E+05
   0.137003E-01   0.136138E+05
   0.139770E-01   0.136584E+05
   0.142594E-01   0.136985E+05
   0.145474E-01   0.137338E+05
   0.148413E-01   0.137642E+05
   0.151411E-01   0.137895E+05
   0.154470E-01   0.138097E+05
   0.157590E-01   0.138245E+05
   0.160774E-01   0.138339E+05
   0.164022E-01   0.138376E+05
   0.167335E-01   0.138356E+05
   0.170716E-01   0.138277E+05
   0.174164E-01   0.138139E+05
   0.177683E-01   0.137939E+05
   0.181272E-01   0.137678E+05
   0.184934E-01   0.137353E+05
   0.188670E-01   0.136965E+05
   0.192481E-01   0.136512E+05
   0.196370E-01   0.135994E+05
   0.200337E-01   0.135410E+05
   0.204384E-01   0.134760E+05
   0.208513E-01   0.134044E+05
   0.212725E-01   0.133262E+05
   0.217022E-01   0.132413E+05
   0.221406E-01   0.131498E+05
   0.225879E-01   0.130519E+05
   0.230442E-01   0.129474E+05
   0.235097E-01   0.128366E+05
   0.239847E-01   0.127195E+05
   0.244692E-01   0.125962E+05
   0.249635E-01   0.124670E+05
   0.254678E-01   0.123320E+05
   0.259823E-01   0.121915E+05
   0.265072E-01   0.120456E+05
   0.270426E-01   0.118945E+05
   0.275889E-01   0.117387E+05
   0.281463E-01   0.115784E+05
   0.287149E-01   0.114140E+05
   0.292949E-01   0.112457E+05
   0.298867E-01   0.110740E+05
   0.304905E-01   0.108993E+05
   0.311064E-01   0.107220E+05
   0.317348E-01   0.105425E+05
   0.323759E-01   0.103613E+05
   0.330299E-01   0.101789E+05
   0.336972E-01   0.999573E+04
   0.343779E-01   0.981235E+04
   0.350724E-01   0.962924E+04
   0.357809E-01   0.944683E+04
   0.365038E-01   0.926566E+04
   0.372412E-01   0.908626E+04
   0.379935E-01   0.890912E+04
   0.387610E-01   0.873469E+04
   0.395440E-01   0.856340E+04
   0.403429E-01   0.839569E+04
   0.411579E-01   0.823196E+04
   0.419893E-01   0.807261E+04
   0.428375E-01   0.791797E+04
   0.437029E-01   0.776835E+04
   0.445858E-01   0.762394E+04
   0.454865E-01   0.748492E+04
   0.464053E-01   0.735142E+04
   0.473428E-01   0.722359E+04
   0.482992E-01   0.710146E+04
   0.492749E-01   0.698488E+04
   0.502703E-01   0.687368E+04
   0.512858E-01   0.676769E+04
   0.523219E-01   0.666673E+04
   0.533789E-01   0.657036E+04
   0.544572E-01   0.647805E+04
   0.555573E-01   0.638932E+04
   0.566796E-01   0.630366E+04
   0.578246E-01   0.622034E+04
   0.589927E-01   0.613856E+04
   0.601845E-01   0.605758E+04
   0.614003E-01   0.597660E+04
   0.626407E-01   0.589472E+04
   0.639061E-01   0.581105E+04
   0.651971E-01   0.572476E+04
   0.665142E-01   0.563504E+04
   0.678578E-01   0.554113E+04
   0.692287E-01   0.544235E+04
   0.706272E-01   0.533816E+04
   0.720539E-01   0.522817E+04
   0.735095E-01   0.511208E+04
   0.749945E-01   0.498987E+04
   0.765095E-01   0.486179E+04
   0.780551E-01   0.472817E+04
   0.796319E-01   0.458968E+04
   0.812406E-01   0.444725E+04
   0.828817E-01   0.430183E+04
   0.845561E-01   0.415474E+04
   0.862642E-01   0.400733E+04
   0.880068E-01   0.386101E+04
   0.897847E-01   0.371733E+04
   0.915985E-01   0.357773E+04
   0.934489E-01   0.344364E+04
   0.953367E-01   0.331638E+04
   0.972626E-01   0.319700E+04
   0.992274E-01   0.308633E+04
   0.101232E+00   0.298503E+04
   0.103277E+00   0.289341E+04
   0.105363E+00   0.281133E+04
   0.107492E+00   0.273855E+04
   0.109663E+00   0.267430E+04
   0.111879E+00   0.261751E+04
   0.114139E+00   0.256694E+04
   0.116445E+00   0.252087E+04
   0.118797E+00   0.247758E+04
   0.121197E+00   0.243513E+04
   0.123645E+00   0.239159E+04
   0.126143E+00   0.234521E+04
   0.128691E+00   0.229442E+04
   0.131291E+00   0.223810E+04
   0.133943E+00   0.217563E+04
   0.136649E+00   0.210696E+04
   0.139409E+00   0.203267E+04
   0.142226E+00   0.195393E+04
   0.145099E+00   0.187239E+04
   0.148030E+00   0.179006E+04
   0.151020E+00   0.170911E+04
   0.154071E+00   0.163165E+04
   0.157184E+00   0.155954E+04
   0.160359E+00   0.149423E+04
   0.163598E+00   0.143662E+04
   0.166903E+00   0.138696E+04
   0.170275E+00   0.134482E+04
   0.173715E+00   0.130923E+04
   0.177224E+00   0.127857E+04
   0.180804E+00   0.125090E+04
   0.184457E+00   0.122409E+04
   0.188183E+00   0.119609E+04
   0.191985E+00   0.116521E+04
   0.195863E+00   0.113035E+04
   0.199820E+00   0.109122E+04
   0.203856E+00   0.104837E+04
   0.207974E+00   0.100306E+04
   0.212176E+00   0.957066E+03
   0.216462E+00   0.912357E+03
   0.220835E+00   0.870715E+03
   0.225296E+00   0.833446E+03
   0.229847E+00   0.801173E+03
   0.234490E+00   0.773756E+03
   0.239227E+00   0.750332E+03
   0.244060E+00   0.729497E+03
   0.248990E+00   0.709593E+03
   0.254020E+00   0.689062E+03
   0.259152E+00   0.666792E+03
   0.264387E+00   0.642359E+03
   0.269728E+00   0.616108E+03
   0.275177E+00   0.589018E+03
   0.280736E+00   0.562388E+03
   0.286407E+00   0.537464E+03
   0.292193E+00   0.515086E+03
   0.298096E+00   0.495485E+03
   0.304118E+00   0.478262E+03
   0.310261E+00   0.462545E+03
   0.316529E+00   0.447293E+03
   0.322923E+00   0.431643E+03
   0.329447E+00   0.415183E+03
   0.336102E+00   0.398057E+03
   0.342892E+00   0.380851E+03
   0.349819E+00   0.364310E+03
   0.356885E+00   0.349026E+03
   0.364095E+00   0.335208E+03
   0.371450E+00   0.322636E+03
   0.378954E+00   0.310803E+03
   0.386609E+00   0.299168E+03
   0.394419E+00   0.287405E+03
   0.402387E+00   0.275523E+03
   0.410516E+00   0.263806E+03
   0.418809E+00   0.252619E+03
   0.427269E+00   0.242193E+03
   0.435901E+00   0.232516E+03
   0.444706E+00   0.223370E+03
   0.453690E+00   0.214489E+03
   0.462855E+00   0.205718E+03
   0.472206E+00   0.197085E+03
   0.481745E+00   0.188736E+03
   0.491477E+00   0.180811E+03
   0.501405E+00   0.173337E+03
   0.511534E+00   0.166229E+03
   0.521868E+00   0.159366E+03
   0.532411E+00   0.152685E+03
   0.543166E+00   0.146207E+03
   0.554139E+00   0.139993E+03
   0.565333E+00   0.134076E+03
   0.576753E+00   0.128433E+03
   0.588404E+00   0.123010E+03
   0.600291E+00   0.117773E+03
   0.612418E+00   0.112726E+03
   0.624789E+00   0.107890E+03
   0.637411E+00   0.103263E+03
   0.650288E+00   0.988299E+02
   0.663424E+00   0.945795E+02
   0.676826E+00   0.905001E+02
   0.690499E+00   0.865838E+02
   0.704448E+00   0.828262E+02
   0.718679E+00   0.792229E+02
   0.733197E+00   0.757694E+02
   0.748009E+00   0.724602E+02
   0.763119E+00   0.692891E+02
   0.778536E+00   0.662505E+02
   0.794263E+00   0.633388E+02
   0.810308E+00   0.605491E+02
   0.826677E+00   0.578766E+02
   0.843378E+00   0.553168E+02
   0.860415E+00   0.528653E+02
   0.877797E+00   0.505178E+02
   0.895529E+00   0.482701E+02
   0.913620E+00   0.461184E+02
   0.932076E+00   0.440587E+02
   0.950906E+00   0.420873E+02
   0.970115E+00   0.402006E+02
   0.989713E+00   0.383951E+02
   0.100971E+01   0.366675E+02
   0.103010E+01   0.350146E+02
   0.105091E+01   0.334332E+02
   0.107214E+01   0.319204E+02
   0.109380E+01   0.304735E+02
   0.111590E+01   0.290898E+02
   0.113844E+01   0.277667E+02
   0.116144E+01   0.265017E+02
   0.118490E+01   0.252923E+02
   0.120884E+01   0.241361E+02
   0.123326E+01   0.230309E+02
   0.125817E+01   0.219747E+02
   0.128359E+01   0.209652E+02
   0.130952E+01   0.200007E+02
   0.133597E+01   0.190790E+02
   0.136296E+01   0.181986E+02
   0.139049E+01   0.173575E+02
   0.141858E+01   0.165541E+02
   0.144724E+01   0.157868E+02
   0.147648E+01   0.150541E+02
   0.150630E+01   0.143543E+02
   0.153673E+01   0.136860E+02
   0.156778E+01   0.130479E+02
   0.159945E+01   0.124385E+02
   0.163176E+01   0.118567E+02
   0.166472E+01   0.113012E+02
   0.169835E+01   0.107709E+02
   0.173266E+01   0.102646E+02
   0.176766E+01   0.978133E+01
   0.180337E+01   0.932011E+01
   0.183980E+01   0.888005E+01
   0.187697E+01   0.846030E+01
   0.191489E+01   0.806000E+01
   0.195357E+01   0.767834E+01
   0.199304E+01   0.731453E+01
   0.203330E+01   0.696780E+01
   0.207437E+01   0.663741E+01
