#           k/h    P           
   0.100000E-03   0.282499E+03
   0.102020E-03   0.288008E+03
   0.104081E-03   0.293625E+03
   0.106184E-03   0.299352E+03
   0.108329E-03   0.305191E+03
   0.110517E-03   0.311143E+03
   0.112750E-03   0.317213E+03
   0.115027E-03   0.323401E+03
   0.117351E-03   0.329709E+03
   0.119722E-03   0.336142E+03
   0.122140E-03   0.342700E+03
   0.124608E-03   0.349386E+03
   0.127125E-03   0.356203E+03
   0.129693E-03   0.363153E+03
   0.132313E-03   0.370240E+03
   0.134986E-03   0.377465E+03
   0.137713E-03   0.384831E+03
   0.140495E-03   0.392342E+03
   0.143333E-03   0.400000E+03
   0.146228E-03   0.407808E+03
   0.149182E-03   0.415769E+03
   0.152196E-03   0.423886E+03
   0.155271E-03   0.432161E+03
   0.158407E-03   0.440600E+03
   0.161607E-03   0.449203E+03
   0.164872E-03   0.457975E+03
   0.168203E-03   0.466920E+03
   0.171601E-03   0.476039E+03
   0.175067E-03   0.485338E+03
   0.178604E-03   0.494820E+03
   0.182212E-03   0.504487E+03
   0.185893E-03   0.514344E+03
   0.189648E-03   0.524395E+03
   0.193479E-03   0.534644E+03
   0.197388E-03   0.545094E+03
   0.201375E-03   0.555749E+03
   0.205443E-03   0.566614E+03
   0.209594E-03   0.577693E+03
   0.213828E-03   0.588990E+03
   0.218147E-03   0.600509E+03
   0.222554E-03   0.612255E+03
   0.227050E-03   0.624233E+03
   0.231637E-03   0.636447E+03
   0.236316E-03   0.648901E+03
   0.241090E-03   0.661602E+03
   0.245960E-03   0.674553E+03
   0.250929E-03   0.687759E+03
   0.255998E-03   0.701226E+03
   0.261170E-03   0.714960E+03
   0.266446E-03   0.728965E+03
   0.271828E-03   0.743247E+03
   0.277319E-03   0.757811E+03
   0.282922E-03   0.772663E+03
   0.288637E-03   0.787810E+03
   0.294468E-03   0.803257E+03
   0.300417E-03   0.819010E+03
   0.306485E-03   0.835075E+03
   0.312677E-03   0.851459E+03
   0.318993E-03   0.868168E+03
   0.325437E-03   0.885208E+03
   0.332012E-03   0.902587E+03
   0.338719E-03   0.920312E+03
   0.345561E-03   0.938389E+03
   0.352542E-03   0.956825E+03
   0.359664E-03   0.975628E+03
   0.366930E-03   0.994806E+03
   0.374342E-03   0.101437E+04
   0.381904E-03   0.103431E+04
   0.389619E-03   0.105466E+04
   0.397490E-03   0.107541E+04
   0.405520E-03   0.109658E+04
   0.413712E-03   0.111817E+04
   0.422070E-03   0.114019E+04
   0.430596E-03   0.116264E+04
   0.439295E-03   0.118555E+04
   0.448169E-03   0.120891E+04
   0.457222E-03   0.123274E+04
   0.466459E-03   0.125705E+04
   0.475882E-03   0.128184E+04
   0.485496E-03   0.130713E+04
   0.495303E-03   0.133292E+04
   0.505309E-03   0.135922E+04
   0.515517E-03   0.138605E+04
   0.525931E-03   0.141342E+04
   0.536556E-03   0.144133E+04
   0.547395E-03   0.146980E+04
   0.558453E-03   0.149883E+04
   0.569734E-03   0.152844E+04
   0.581244E-03   0.155864E+04
   0.592986E-03   0.158944E+04
   0.604965E-03   0.162085E+04
   0.617186E-03   0.165288E+04
   0.629654E-03   0.168554E+04
   0.642374E-03   0.171885E+04
   0.655350E-03   0.175282E+04
   0.668589E-03   0.178745E+04
   0.682096E-03   0.182277E+04
   0.695875E-03   0.185877E+04
   0.709933E-03   0.189548E+04
   0.724274E-03   0.193291E+04
   0.738906E-03   0.197106E+04
   0.753832E-03   0.200995E+04
   0.769061E-03   0.204960E+04
   0.784597E-03   0.209000E+04
   0.800447E-03   0.213119E+04
   0.816617E-03   0.217315E+04
   0.833114E-03   0.221592E+04
   0.849944E-03   0.225949E+04
   0.867114E-03   0.230389E+04
   0.884631E-03   0.234912E+04
   0.902501E-03   0.239520E+04
   0.920733E-03   0.244213E+04
   0.939333E-03   0.248994E+04
   0.958309E-03   0.253862E+04
   0.977668E-03   0.258819E+04
   0.997418E-03   0.263866E+04
   0.101757E-02   0.269004E+04
   0.103812E-02   0.274235E+04
   0.105910E-02   0.279559E+04
   0.108049E-02   0.284978E+04
   0.110232E-02   0.290493E+04
   0.112459E-02   0.296104E+04
   0.114730E-02   0.301813E+04
   0.117048E-02   0.307621E+04
   0.119413E-02   0.313528E+04
   0.121825E-02   0.319537E+04
   0.124286E-02   0.325648E+04
   0.126797E-02   0.331863E+04
   0.129358E-02   0.338182E+04
   0.131971E-02   0.344606E+04
   0.134637E-02   0.351137E+04
   0.137357E-02   0.357776E+04
   0.140132E-02   0.364524E+04
   0.142963E-02   0.371382E+04
   0.145851E-02   0.378351E+04
   0.148797E-02   0.385433E+04
   0.151803E-02   0.392629E+04
   0.154870E-02   0.399940E+04
   0.157998E-02   0.407367E+04
   0.161190E-02   0.414911E+04
   0.164446E-02   0.422575E+04
   0.167768E-02   0.430357E+04
   0.171158E-02   0.438261E+04
   0.174615E-02   0.446287E+04
   0.178143E-02   0.454436E+04
   0.181741E-02   0.462710E+04
   0.185413E-02   0.471109E+04
   0.189158E-02   0.479635E+04
   0.192980E-02   0.488288E+04
   0.196878E-02   0.497069E+04
   0.200855E-02   0.505980E+04
   0.204913E-02   0.515021E+04
   0.209052E-02   0.524193E+04
   0.213276E-02   0.533498E+04
   0.217584E-02   0.542935E+04
   0.221979E-02   0.552505E+04
   0.226464E-02   0.562210E+04
   0.231039E-02   0.572050E+04
   0.235706E-02   0.582025E+04
   0.240467E-02   0.592136E+04
   0.245325E-02   0.602383E+04
   0.250281E-02   0.612767E+04
   0.255337E-02   0.623289E+04
   0.260495E-02   0.633947E+04
   0.265758E-02   0.644743E+04
   0.271126E-02   0.655677E+04
   0.276603E-02   0.666749E+04
   0.282191E-02   0.677958E+04
   0.287892E-02   0.689304E+04
   0.293708E-02   0.700787E+04
   0.299641E-02   0.712408E+04
   0.305694E-02   0.724164E+04
   0.311870E-02   0.736057E+04
   0.318170E-02   0.748084E+04
   0.324597E-02   0.760246E+04
   0.331155E-02   0.772541E+04
   0.337844E-02   0.784968E+04
   0.344669E-02   0.797526E+04
   0.351632E-02   0.810214E+04
   0.358735E-02   0.823031E+04
   0.365982E-02   0.835974E+04
   0.373376E-02   0.849042E+04
   0.380918E-02   0.862233E+04
   0.388613E-02   0.875545E+04
   0.396464E-02   0.888976E+04
   0.404473E-02   0.902523E+04
   0.412644E-02   0.916184E+04
   0.420980E-02   0.929956E+04
   0.429484E-02   0.943836E+04
   0.438160E-02   0.957822E+04
   0.447012E-02   0.971909E+04
   0.456042E-02   0.986094E+04
   0.465255E-02   0.100037E+05
   0.474653E-02   0.101474E+05
   0.484242E-02   0.102920E+05
   0.494024E-02   0.104374E+05
   0.504004E-02   0.105836E+05
   0.514186E-02   0.107304E+05
   0.524573E-02   0.108780E+05
   0.535170E-02   0.110262E+05
   0.545981E-02   0.111750E+05
   0.557011E-02   0.113242E+05
   0.568263E-02   0.114739E+05
   0.579743E-02   0.116240E+05
   0.591455E-02   0.117744E+05
   0.603403E-02   0.119251E+05
   0.615592E-02   0.120759E+05
   0.628028E-02   0.122269E+05
   0.640715E-02   0.123778E+05
   0.653658E-02   0.125287E+05
   0.666863E-02   0.126795E+05
   0.680335E-02   0.128301E+05
   0.694078E-02   0.129803E+05
   0.708100E-02   0.131301E+05
   0.722404E-02   0.132794E+05
   0.736998E-02   0.134281E+05
   0.751886E-02   0.135761E+05
   0.767075E-02   0.137233E+05
   0.782571E-02   0.138695E+05
   0.798380E-02   0.140147E+05
   0.814509E-02   0.141587E+05
   0.830963E-02   0.143015E+05
   0.847750E-02   0.144428E+05
   0.864875E-02   0.145827E+05
   0.882347E-02   0.147208E+05
   0.900171E-02   0.148572E+05
   0.918356E-02   0.149916E+05
   0.936908E-02   0.151239E+05
   0.955835E-02   0.152540E+05
   0.975144E-02   0.153818E+05
   0.994843E-02   0.155070E+05
   0.101494E-01   0.156295E+05
   0.103544E-01   0.157492E+05
   0.105636E-01   0.158659E+05
   0.107770E-01   0.159794E+05
   0.109947E-01   0.160895E+05
   0.112168E-01   0.161961E+05
   0.114434E-01   0.162991E+05
   0.116746E-01   0.163981E+05
   0.119104E-01   0.164931E+05
   0.121510E-01   0.165839E+05
   0.123965E-01   0.166703E+05
   0.126469E-01   0.167520E+05
   0.129024E-01   0.168290E+05
   0.131631E-01   0.169009E+05
   0.134290E-01   0.169677E+05
   0.137003E-01   0.170292E+05
   0.139770E-01   0.170850E+05
   0.142594E-01   0.171351E+05
   0.145474E-01   0.171793E+05
   0.148413E-01   0.172173E+05
   0.151411E-01   0.172491E+05
   0.154470E-01   0.172743E+05
   0.157590E-01   0.172929E+05
   0.160774E-01   0.173046E+05
   0.164022E-01   0.173093E+05
   0.167335E-01   0.173068E+05
   0.170716E-01   0.172969E+05
   0.174164E-01   0.172796E+05
   0.177683E-01   0.172547E+05
   0.181272E-01   0.172220E+05
   0.184934E-01   0.171814E+05
   0.188670E-01   0.171328E+05
   0.192481E-01   0.170762E+05
   0.196370E-01   0.170114E+05
   0.200337E-01   0.169383E+05
   0.204384E-01   0.168571E+05
   0.208513E-01   0.167675E+05
   0.212725E-01   0.166696E+05
   0.217022E-01   0.165635E+05
   0.221406E-01   0.164491E+05
   0.225879E-01   0.163265E+05
   0.230442E-01   0.161959E+05
   0.235097E-01   0.160572E+05
   0.239847E-01   0.159108E+05
   0.244692E-01   0.157566E+05
   0.249635E-01   0.155950E+05
   0.254678E-01   0.154261E+05
   0.259823E-01   0.152503E+05
   0.265072E-01   0.150678E+05
   0.270426E-01   0.148789E+05
   0.275889E-01   0.146840E+05
   0.281463E-01   0.144835E+05
   0.287149E-01   0.142778E+05
   0.292949E-01   0.140673E+05
   0.298867E-01   0.138525E+05
   0.304905E-01   0.136339E+05
   0.311064E-01   0.134121E+05
   0.317348E-01   0.131876E+05
   0.323759E-01   0.129610E+05
   0.330299E-01   0.127328E+05
   0.336972E-01   0.125037E+05
   0.343779E-01   0.122743E+05
   0.350724E-01   0.120452E+05
   0.357809E-01   0.118171E+05
   0.365038E-01   0.115904E+05
   0.372412E-01   0.113660E+05
   0.379935E-01   0.111444E+05
   0.387610E-01   0.109263E+05
   0.395440E-01   0.107120E+05
   0.403429E-01   0.105022E+05
   0.411579E-01   0.102974E+05
   0.419893E-01   0.100981E+05
   0.428375E-01   0.990463E+04
   0.437029E-01   0.971746E+04
   0.445858E-01   0.953683E+04
   0.454865E-01   0.936292E+04
   0.464053E-01   0.919593E+04
   0.473428E-01   0.903602E+04
   0.482992E-01   0.888325E+04
   0.492749E-01   0.873742E+04
   0.502703E-01   0.859832E+04
   0.512858E-01   0.846575E+04
   0.523219E-01   0.833945E+04
   0.533789E-01   0.821890E+04
   0.544572E-01   0.810344E+04
   0.555573E-01   0.799244E+04
   0.566796E-01   0.788528E+04
   0.578246E-01   0.778106E+04
   0.589927E-01   0.767877E+04
   0.601845E-01   0.757746E+04
   0.614003E-01   0.747616E+04
   0.626407E-01   0.737374E+04
   0.639061E-01   0.726908E+04
   0.651971E-01   0.716114E+04
   0.665142E-01   0.704891E+04
   0.678578E-01   0.693144E+04
   0.692287E-01   0.680787E+04
   0.706272E-01   0.667754E+04
   0.720539E-01   0.653995E+04
   0.735095E-01   0.639474E+04
   0.749945E-01   0.624186E+04
   0.765095E-01   0.608164E+04
   0.780551E-01   0.591450E+04
   0.796319E-01   0.574126E+04
   0.812406E-01   0.556309E+04
   0.828817E-01   0.538119E+04
   0.845561E-01   0.519719E+04
   0.862642E-01   0.501280E+04
   0.880068E-01   0.482976E+04
   0.897847E-01   0.465004E+04
   0.915985E-01   0.447541E+04
   0.934489E-01   0.430768E+04
   0.953367E-01   0.414848E+04
   0.972626E-01   0.399915E+04
   0.992274E-01   0.386072E+04
   0.101232E+00   0.373399E+04
   0.103277E+00   0.361938E+04
   0.105363E+00   0.351671E+04
   0.107492E+00   0.342567E+04
   0.109663E+00   0.334530E+04
   0.111879E+00   0.327426E+04
   0.114139E+00   0.321100E+04
   0.116445E+00   0.315337E+04
   0.118797E+00   0.309922E+04
   0.121197E+00   0.304612E+04
   0.123645E+00   0.299166E+04
   0.126143E+00   0.293364E+04
   0.128691E+00   0.287010E+04
   0.131291E+00   0.279966E+04
   0.133943E+00   0.272151E+04
   0.136649E+00   0.263561E+04
   0.139409E+00   0.254268E+04
   0.142226E+00   0.244418E+04
   0.145099E+00   0.234218E+04
   0.148030E+00   0.223920E+04
   0.151020E+00   0.213794E+04
   0.154071E+00   0.204104E+04
   0.157184E+00   0.195084E+04
   0.160359E+00   0.186915E+04
   0.163598E+00   0.179708E+04
   0.166903E+00   0.173495E+04
   0.170275E+00   0.168225E+04
   0.173715E+00   0.163772E+04
   0.177224E+00   0.159937E+04
   0.180804E+00   0.156476E+04
   0.184457E+00   0.153123E+04
   0.188183E+00   0.149620E+04
   0.191985E+00   0.145756E+04
   0.195863E+00   0.141396E+04
   0.199820E+00   0.136501E+04
   0.203856E+00   0.131141E+04
   0.207974E+00   0.125473E+04
   0.212176E+00   0.119720E+04
   0.216462E+00   0.114127E+04
   0.220835E+00   0.108918E+04
   0.225296E+00   0.104256E+04
   0.229847E+00   0.100219E+04
   0.234490E+00   0.967898E+03
   0.239227E+00   0.938597E+03
   0.244060E+00   0.912533E+03
   0.248990E+00   0.887635E+03
   0.254020E+00   0.861953E+03
   0.259152E+00   0.834095E+03
   0.264387E+00   0.803531E+03
   0.269728E+00   0.770695E+03
   0.275177E+00   0.736807E+03
   0.280736E+00   0.703496E+03
   0.286407E+00   0.672318E+03
   0.292193E+00   0.644325E+03
   0.298096E+00   0.619806E+03
   0.304118E+00   0.598261E+03
   0.310261E+00   0.578601E+03
   0.316529E+00   0.559522E+03
   0.322923E+00   0.539945E+03
   0.329447E+00   0.519356E+03
   0.336102E+00   0.497933E+03
   0.342892E+00   0.476409E+03
   0.349819E+00   0.455719E+03
   0.356885E+00   0.436600E+03
   0.364095E+00   0.419314E+03
   0.371450E+00   0.403588E+03
   0.378954E+00   0.388786E+03
   0.386609E+00   0.374232E+03
   0.394419E+00   0.359518E+03
   0.402387E+00   0.344654E+03
   0.410516E+00   0.329997E+03
   0.418809E+00   0.316003E+03
   0.427269E+00   0.302962E+03
   0.435901E+00   0.290856E+03
   0.444706E+00   0.279416E+03
   0.453690E+00   0.268306E+03
   0.462855E+00   0.257335E+03
   0.472206E+00   0.246535E+03
   0.481745E+00   0.236091E+03
   0.491477E+00   0.226177E+03
   0.501405E+00   0.216829E+03
   0.511534E+00   0.207937E+03
   0.521868E+00   0.199353E+03
   0.532411E+00   0.190995E+03
   0.543166E+00   0.182891E+03
   0.554139E+00   0.175118E+03
   0.565333E+00   0.167717E+03
   0.576753E+00   0.160658E+03
   0.588404E+00   0.153874E+03
   0.600291E+00   0.147323E+03
   0.612418E+00   0.141010E+03
   0.624789E+00   0.134961E+03
   0.637411E+00   0.129172E+03
   0.650288E+00   0.123627E+03
   0.663424E+00   0.118310E+03
   0.676826E+00   0.113207E+03
   0.690499E+00   0.108308E+03
   0.704448E+00   0.103608E+03
   0.718679E+00   0.991005E+02
   0.733197E+00   0.947806E+02
   0.748009E+00   0.906410E+02
   0.763119E+00   0.866743E+02
   0.778536E+00   0.828732E+02
   0.794263E+00   0.792310E+02
   0.810308E+00   0.757413E+02
   0.826677E+00   0.723983E+02
   0.843378E+00   0.691962E+02
   0.860415E+00   0.661296E+02
   0.877797E+00   0.631931E+02
   0.895529E+00   0.603815E+02
   0.913620E+00   0.576899E+02
   0.932076E+00   0.551134E+02
   0.950906E+00   0.526473E+02
   0.970115E+00   0.502872E+02
   0.989713E+00   0.480287E+02
   0.100971E+01   0.458677E+02
   0.103010E+01   0.438000E+02
   0.105091E+01   0.418218E+02
   0.107214E+01   0.399295E+02
   0.109380E+01   0.381196E+02
   0.111590E+01   0.363887E+02
   0.113844E+01   0.347336E+02
   0.116144E+01   0.331512E+02
   0.118490E+01   0.316383E+02
   0.120884E+01   0.301920E+02
   0.123326E+01   0.288096E+02
   0.125817E+01   0.274883E+02
   0.128359E+01   0.262256E+02
   0.130952E+01   0.250190E+02
   0.133597E+01   0.238661E+02
   0.136296E+01   0.227647E+02
   0.139049E+01   0.217126E+02
   0.141858E+01   0.207077E+02
   0.144724E+01   0.197479E+02
   0.147648E+01   0.188313E+02
   0.150630E+01   0.179559E+02
   0.153673E+01   0.171199E+02
   0.156778E+01   0.163217E+02
   0.159945E+01   0.155595E+02
   0.163176E+01   0.148317E+02
   0.166472E+01   0.141368E+02
   0.169835E+01   0.134734E+02
   0.173266E+01   0.128401E+02
   0.176766E+01   0.122355E+02
   0.180337E+01   0.116586E+02
   0.183980E+01   0.111081E+02
   0.187697E+01   0.105831E+02
   0.191489E+01   0.100823E+02
   0.195357E+01   0.960490E+01
   0.199304E+01   0.914980E+01
   0.203330E+01   0.871607E+01
   0.207437E+01   0.830279E+01
