#           k/h    P           
   0.100000E-03   0.225367E+03
   0.102020E-03   0.229760E+03
   0.104081E-03   0.234239E+03
   0.106184E-03   0.238804E+03
   0.108329E-03   0.243459E+03
   0.110517E-03   0.248205E+03
   0.112750E-03   0.253043E+03
   0.115027E-03   0.257976E+03
   0.117351E-03   0.263005E+03
   0.119722E-03   0.268132E+03
   0.122140E-03   0.273359E+03
   0.124608E-03   0.278689E+03
   0.127125E-03   0.284122E+03
   0.129693E-03   0.289661E+03
   0.132313E-03   0.295308E+03
   0.134986E-03   0.301066E+03
   0.137713E-03   0.306936E+03
   0.140495E-03   0.312920E+03
   0.143333E-03   0.319021E+03
   0.146228E-03   0.325242E+03
   0.149182E-03   0.331583E+03
   0.152196E-03   0.338049E+03
   0.155271E-03   0.344641E+03
   0.158407E-03   0.351362E+03
   0.161607E-03   0.358214E+03
   0.164872E-03   0.365200E+03
   0.168203E-03   0.372322E+03
   0.171601E-03   0.379583E+03
   0.175067E-03   0.386986E+03
   0.178604E-03   0.394534E+03
   0.182212E-03   0.402230E+03
   0.185893E-03   0.410075E+03
   0.189648E-03   0.418075E+03
   0.193479E-03   0.426230E+03
   0.197388E-03   0.434545E+03
   0.201375E-03   0.443022E+03
   0.205443E-03   0.451666E+03
   0.209594E-03   0.460478E+03
   0.213828E-03   0.469463E+03
   0.218147E-03   0.478623E+03
   0.222554E-03   0.487963E+03
   0.227050E-03   0.497485E+03
   0.231637E-03   0.507194E+03
   0.236316E-03   0.517092E+03
   0.241090E-03   0.527185E+03
   0.245960E-03   0.537475E+03
   0.250929E-03   0.547966E+03
   0.255998E-03   0.558663E+03
   0.261170E-03   0.569569E+03
   0.266446E-03   0.580689E+03
   0.271828E-03   0.592027E+03
   0.277319E-03   0.603587E+03
   0.282922E-03   0.615373E+03
   0.288637E-03   0.627390E+03
   0.294468E-03   0.639643E+03
   0.300417E-03   0.652136E+03
   0.306485E-03   0.664874E+03
   0.312677E-03   0.677862E+03
   0.318993E-03   0.691104E+03
   0.325437E-03   0.704607E+03
   0.332012E-03   0.718373E+03
   0.338719E-03   0.732410E+03
   0.345561E-03   0.746723E+03
   0.352542E-03   0.761316E+03
   0.359664E-03   0.776195E+03
   0.366930E-03   0.791367E+03
   0.374342E-03   0.806836E+03
   0.381904E-03   0.822609E+03
   0.389619E-03   0.838691E+03
   0.397490E-03   0.855089E+03
   0.405520E-03   0.871808E+03
   0.413712E-03   0.888856E+03
   0.422070E-03   0.906238E+03
   0.430596E-03   0.923961E+03
   0.439295E-03   0.942032E+03
   0.448169E-03   0.960458E+03
   0.457222E-03   0.979245E+03
   0.466459E-03   0.998400E+03
   0.475882E-03   0.101793E+04
   0.485496E-03   0.103784E+04
   0.495303E-03   0.105815E+04
   0.505309E-03   0.107885E+04
   0.515517E-03   0.109995E+04
   0.525931E-03   0.112147E+04
   0.536556E-03   0.114341E+04
   0.547395E-03   0.116578E+04
   0.558453E-03   0.118859E+04
   0.569734E-03   0.121184E+04
   0.581244E-03   0.123554E+04
   0.592986E-03   0.125971E+04
   0.604965E-03   0.128434E+04
   0.617186E-03   0.130946E+04
   0.629654E-03   0.133506E+04
   0.642374E-03   0.136116E+04
   0.655350E-03   0.138776E+04
   0.668589E-03   0.141488E+04
   0.682096E-03   0.144252E+04
   0.695875E-03   0.147069E+04
   0.709933E-03   0.149940E+04
   0.724274E-03   0.152867E+04
   0.738906E-03   0.155849E+04
   0.753832E-03   0.158889E+04
   0.769061E-03   0.161986E+04
   0.784597E-03   0.165142E+04
   0.800447E-03   0.168358E+04
   0.816617E-03   0.171635E+04
   0.833114E-03   0.174973E+04
   0.849944E-03   0.178374E+04
   0.867114E-03   0.181839E+04
   0.884631E-03   0.185368E+04
   0.902501E-03   0.188963E+04
   0.920733E-03   0.192624E+04
   0.939333E-03   0.196353E+04
   0.958309E-03   0.200149E+04
   0.977668E-03   0.204016E+04
   0.997418E-03   0.207952E+04
   0.101757E-02   0.211959E+04
   0.103812E-02   0.216039E+04
   0.105910E-02   0.220192E+04
   0.108049E-02   0.224418E+04
   0.110232E-02   0.228720E+04
   0.112459E-02   0.233097E+04
   0.114730E-02   0.237551E+04
   0.117048E-02   0.242083E+04
   0.119413E-02   0.246693E+04
   0.121825E-02   0.251382E+04
   0.124286E-02   0.256152E+04
   0.126797E-02   0.261003E+04
   0.129358E-02   0.265937E+04
   0.131971E-02   0.270953E+04
   0.134637E-02   0.276053E+04
   0.137357E-02   0.281239E+04
   0.140132E-02   0.286510E+04
   0.142963E-02   0.291867E+04
   0.145851E-02   0.297313E+04
   0.148797E-02   0.302847E+04
   0.151803E-02   0.308470E+04
   0.154870E-02   0.314184E+04
   0.157998E-02   0.319990E+04
   0.161190E-02   0.325887E+04
   0.164446E-02   0.331878E+04
   0.167768E-02   0.337964E+04
   0.171158E-02   0.344144E+04
   0.174615E-02   0.350420E+04
   0.178143E-02   0.356793E+04
   0.181741E-02   0.363263E+04
   0.185413E-02   0.369833E+04
   0.189158E-02   0.376501E+04
   0.192980E-02   0.383270E+04
   0.196878E-02   0.390140E+04
   0.200855E-02   0.397111E+04
   0.204913E-02   0.404185E+04
   0.209052E-02   0.411362E+04
   0.213276E-02   0.418642E+04
   0.217584E-02   0.426027E+04
   0.221979E-02   0.433517E+04
   0.226464E-02   0.441112E+04
   0.231039E-02   0.448814E+04
   0.235706E-02   0.456621E+04
   0.240467E-02   0.464536E+04
   0.245325E-02   0.472557E+04
   0.250281E-02   0.480686E+04
   0.255337E-02   0.488922E+04
   0.260495E-02   0.497267E+04
   0.265758E-02   0.505719E+04
   0.271126E-02   0.514280E+04
   0.276603E-02   0.522948E+04
   0.282191E-02   0.531725E+04
   0.287892E-02   0.540609E+04
   0.293708E-02   0.549601E+04
   0.299641E-02   0.558701E+04
   0.305694E-02   0.567907E+04
   0.311870E-02   0.577221E+04
   0.318170E-02   0.586640E+04
   0.324597E-02   0.596164E+04
   0.331155E-02   0.605793E+04
   0.337844E-02   0.615526E+04
   0.344669E-02   0.625362E+04
   0.351632E-02   0.635300E+04
   0.358735E-02   0.645339E+04
   0.365982E-02   0.655477E+04
   0.373376E-02   0.665713E+04
   0.380918E-02   0.676045E+04
   0.388613E-02   0.686473E+04
   0.396464E-02   0.696994E+04
   0.404473E-02   0.707606E+04
   0.412644E-02   0.718307E+04
   0.420980E-02   0.729096E+04
   0.429484E-02   0.739969E+04
   0.438160E-02   0.750925E+04
   0.447012E-02   0.761961E+04
   0.456042E-02   0.773074E+04
   0.465255E-02   0.784261E+04
   0.474653E-02   0.795519E+04
   0.484242E-02   0.806845E+04
   0.494024E-02   0.818235E+04
   0.504004E-02   0.829687E+04
   0.514186E-02   0.841195E+04
   0.524573E-02   0.852756E+04
   0.535170E-02   0.864367E+04
   0.545981E-02   0.876022E+04
   0.557011E-02   0.887716E+04
   0.568263E-02   0.899446E+04
   0.579743E-02   0.911207E+04
   0.591455E-02   0.922992E+04
   0.603403E-02   0.934796E+04
   0.615592E-02   0.946615E+04
   0.628028E-02   0.958442E+04
   0.640715E-02   0.970271E+04
   0.653658E-02   0.982095E+04
   0.666863E-02   0.993909E+04
   0.680335E-02   0.100570E+05
   0.694078E-02   0.101748E+05
   0.708100E-02   0.102921E+05
   0.722404E-02   0.104091E+05
   0.736998E-02   0.105257E+05
   0.751886E-02   0.106416E+05
   0.767075E-02   0.107569E+05
   0.782571E-02   0.108715E+05
   0.798380E-02   0.109853E+05
   0.814509E-02   0.110982E+05
   0.830963E-02   0.112100E+05
   0.847750E-02   0.113208E+05
   0.864875E-02   0.114304E+05
   0.882347E-02   0.115386E+05
   0.900171E-02   0.116455E+05
   0.918356E-02   0.117508E+05
   0.936908E-02   0.118545E+05
   0.955835E-02   0.119565E+05
   0.975144E-02   0.120566E+05
   0.994843E-02   0.121547E+05
   0.101494E-01   0.122507E+05
   0.103544E-01   0.123445E+05
   0.105636E-01   0.124359E+05
   0.107770E-01   0.125248E+05
   0.109947E-01   0.126111E+05
   0.112168E-01   0.126947E+05
   0.114434E-01   0.127754E+05
   0.116746E-01   0.128530E+05
   0.119104E-01   0.129274E+05
   0.121510E-01   0.129986E+05
   0.123965E-01   0.130662E+05
   0.126469E-01   0.131303E+05
   0.129024E-01   0.131906E+05
   0.131631E-01   0.132470E+05
   0.134290E-01   0.132993E+05
   0.137003E-01   0.133474E+05
   0.139770E-01   0.133912E+05
   0.142594E-01   0.134305E+05
   0.145474E-01   0.134651E+05
   0.148413E-01   0.134949E+05
   0.151411E-01   0.135197E+05
   0.154470E-01   0.135395E+05
   0.157590E-01   0.135540E+05
   0.160774E-01   0.135632E+05
   0.164022E-01   0.135669E+05
   0.167335E-01   0.135649E+05
   0.170716E-01   0.135572E+05
   0.174164E-01   0.135436E+05
   0.177683E-01   0.135240E+05
   0.181272E-01   0.134984E+05
   0.184934E-01   0.134666E+05
   0.188670E-01   0.134285E+05
   0.192481E-01   0.133841E+05
   0.196370E-01   0.133333E+05
   0.200337E-01   0.132761E+05
   0.204384E-01   0.132124E+05
   0.208513E-01   0.131421E+05
   0.212725E-01   0.130654E+05
   0.217022E-01   0.129822E+05
   0.221406E-01   0.128926E+05
   0.225879E-01   0.127965E+05
   0.230442E-01   0.126941E+05
   0.235097E-01   0.125854E+05
   0.239847E-01   0.124706E+05
   0.244692E-01   0.123498E+05
   0.249635E-01   0.122231E+05
   0.254678E-01   0.120908E+05
   0.259823E-01   0.119529E+05
   0.265072E-01   0.118099E+05
   0.270426E-01   0.116618E+05
   0.275889E-01   0.115090E+05
   0.281463E-01   0.113519E+05
   0.287149E-01   0.111907E+05
   0.292949E-01   0.110257E+05
   0.298867E-01   0.108573E+05
   0.304905E-01   0.106860E+05
   0.311064E-01   0.105122E+05
   0.317348E-01   0.103362E+05
   0.323759E-01   0.101586E+05
   0.330299E-01   0.997972E+04
   0.336972E-01   0.980015E+04
   0.343779E-01   0.962036E+04
   0.350724E-01   0.944083E+04
   0.357809E-01   0.926199E+04
   0.365038E-01   0.908437E+04
   0.372412E-01   0.890847E+04
   0.379935E-01   0.873480E+04
   0.387610E-01   0.856378E+04
   0.395440E-01   0.839584E+04
   0.403429E-01   0.823141E+04
   0.411579E-01   0.807089E+04
   0.419893E-01   0.791466E+04
   0.428375E-01   0.776305E+04
   0.437029E-01   0.761635E+04
   0.445858E-01   0.747477E+04
   0.454865E-01   0.733846E+04
   0.464053E-01   0.720758E+04
   0.473428E-01   0.708225E+04
   0.482992E-01   0.696251E+04
   0.492749E-01   0.684821E+04
   0.502703E-01   0.673919E+04
   0.512858E-01   0.663527E+04
   0.523219E-01   0.653629E+04
   0.533789E-01   0.644180E+04
   0.544572E-01   0.635130E+04
   0.555573E-01   0.626430E+04
   0.566796E-01   0.618032E+04
   0.578246E-01   0.609863E+04
   0.589927E-01   0.601845E+04
   0.601845E-01   0.593905E+04
   0.614003E-01   0.585965E+04
   0.626407E-01   0.577938E+04
   0.639061E-01   0.569735E+04
   0.651971E-01   0.561274E+04
   0.665142E-01   0.552478E+04
   0.678578E-01   0.543271E+04
   0.692287E-01   0.533586E+04
   0.706272E-01   0.523371E+04
   0.720539E-01   0.512587E+04
   0.735095E-01   0.501206E+04
   0.749945E-01   0.489224E+04
   0.765095E-01   0.476666E+04
   0.780551E-01   0.463565E+04
   0.796319E-01   0.449988E+04
   0.812406E-01   0.436023E+04
   0.828817E-01   0.421766E+04
   0.845561E-01   0.407345E+04
   0.862642E-01   0.392892E+04
   0.880068E-01   0.378546E+04
   0.897847E-01   0.364460E+04
   0.915985E-01   0.350773E+04
   0.934489E-01   0.337626E+04
   0.953367E-01   0.325149E+04
   0.972626E-01   0.313445E+04
   0.992274E-01   0.302595E+04
   0.101232E+00   0.292662E+04
   0.103277E+00   0.283679E+04
   0.105363E+00   0.275632E+04
   0.107492E+00   0.268496E+04
   0.109663E+00   0.262197E+04
   0.111879E+00   0.256629E+04
   0.114139E+00   0.251671E+04
   0.116445E+00   0.247154E+04
   0.118797E+00   0.242910E+04
   0.121197E+00   0.238748E+04
   0.123645E+00   0.234479E+04
   0.126143E+00   0.229932E+04
   0.128691E+00   0.224952E+04
   0.131291E+00   0.219431E+04
   0.133943E+00   0.213306E+04
   0.136649E+00   0.206573E+04
   0.139409E+00   0.199290E+04
   0.142226E+00   0.191569E+04
   0.145099E+00   0.183575E+04
   0.148030E+00   0.175504E+04
   0.151020E+00   0.167567E+04
   0.154071E+00   0.159972E+04
   0.157184E+00   0.152903E+04
   0.160359E+00   0.146500E+04
   0.163598E+00   0.140851E+04
   0.166903E+00   0.135982E+04
   0.170275E+00   0.131851E+04
   0.173715E+00   0.128361E+04
   0.177224E+00   0.125355E+04
   0.180804E+00   0.122642E+04
   0.184457E+00   0.120014E+04
   0.188183E+00   0.117268E+04
   0.191985E+00   0.114241E+04
   0.195863E+00   0.110823E+04
   0.199820E+00   0.106987E+04
   0.203856E+00   0.102785E+04
   0.207974E+00   0.983431E+03
   0.212176E+00   0.938340E+03
   0.216462E+00   0.894505E+03
   0.220835E+00   0.853678E+03
   0.225296E+00   0.817138E+03
   0.229847E+00   0.785497E+03
   0.234490E+00   0.758617E+03
   0.239227E+00   0.735651E+03
   0.244060E+00   0.715223E+03
   0.248990E+00   0.695708E+03
   0.254020E+00   0.675580E+03
   0.259152E+00   0.653745E+03
   0.264387E+00   0.629790E+03
   0.269728E+00   0.604053E+03
   0.275177E+00   0.577492E+03
   0.280736E+00   0.551384E+03
   0.286407E+00   0.526948E+03
   0.292193E+00   0.505007E+03
   0.298096E+00   0.485790E+03
   0.304118E+00   0.468904E+03
   0.310261E+00   0.453494E+03
   0.316529E+00   0.438541E+03
   0.322923E+00   0.423197E+03
   0.329447E+00   0.407059E+03
   0.336102E+00   0.390269E+03
   0.342892E+00   0.373399E+03
   0.349819E+00   0.357182E+03
   0.356885E+00   0.342197E+03
   0.364095E+00   0.328649E+03
   0.371450E+00   0.316323E+03
   0.378954E+00   0.304721E+03
   0.386609E+00   0.293315E+03
   0.394419E+00   0.281782E+03
   0.402387E+00   0.270132E+03
   0.410516E+00   0.258644E+03
   0.418809E+00   0.247676E+03
   0.427269E+00   0.237454E+03
   0.435901E+00   0.227967E+03
   0.444706E+00   0.219000E+03
   0.453690E+00   0.210292E+03
   0.462855E+00   0.201693E+03
   0.472206E+00   0.193228E+03
   0.481745E+00   0.185043E+03
   0.491477E+00   0.177273E+03
   0.501405E+00   0.169945E+03
   0.511534E+00   0.162976E+03
   0.521868E+00   0.156248E+03
   0.532411E+00   0.149698E+03
   0.543166E+00   0.143346E+03
   0.554139E+00   0.137254E+03
   0.565333E+00   0.131453E+03
   0.576753E+00   0.125920E+03
   0.588404E+00   0.120603E+03
   0.600291E+00   0.115468E+03
   0.612418E+00   0.110521E+03
   0.624789E+00   0.105779E+03
   0.637411E+00   0.101242E+03
   0.650288E+00   0.968961E+02
   0.663424E+00   0.927289E+02
   0.676826E+00   0.887293E+02
   0.690499E+00   0.848897E+02
   0.704448E+00   0.812056E+02
   0.718679E+00   0.776728E+02
   0.733197E+00   0.742869E+02
   0.748009E+00   0.710424E+02
   0.763119E+00   0.679334E+02
   0.778536E+00   0.649542E+02
   0.794263E+00   0.620994E+02
   0.810308E+00   0.593643E+02
   0.826677E+00   0.567441E+02
   0.843378E+00   0.542345E+02
   0.860415E+00   0.518309E+02
   0.877797E+00   0.495293E+02
   0.895529E+00   0.473257E+02
   0.913620E+00   0.452160E+02
   0.932076E+00   0.431966E+02
   0.950906E+00   0.412638E+02
   0.970115E+00   0.394140E+02
   0.989713E+00   0.376439E+02
   0.100971E+01   0.359501E+02
   0.103010E+01   0.343294E+02
   0.105091E+01   0.327790E+02
   0.107214E+01   0.312958E+02
   0.109380E+01   0.298772E+02
   0.111590E+01   0.285206E+02
   0.113844E+01   0.272234E+02
   0.116144E+01   0.259832E+02
   0.118490E+01   0.247974E+02
   0.120884E+01   0.236638E+02
   0.123326E+01   0.225803E+02
   0.125817E+01   0.215447E+02
   0.128359E+01   0.205550E+02
   0.130952E+01   0.196093E+02
   0.133597E+01   0.187057E+02
   0.136296E+01   0.178425E+02
   0.139049E+01   0.170179E+02
   0.141858E+01   0.162302E+02
   0.144724E+01   0.154779E+02
   0.147648E+01   0.147595E+02
   0.150630E+01   0.140734E+02
   0.153673E+01   0.134182E+02
   0.156778E+01   0.127926E+02
   0.159945E+01   0.121952E+02
   0.163176E+01   0.116247E+02
   0.166472E+01   0.110801E+02
   0.169835E+01   0.105602E+02
   0.173266E+01   0.100638E+02
   0.176766E+01   0.958994E+01
   0.180337E+01   0.913774E+01
   0.183980E+01   0.870630E+01
   0.187697E+01   0.829476E+01
   0.191489E+01   0.790230E+01
   0.195357E+01   0.752810E+01
   0.199304E+01   0.717141E+01
   0.203330E+01   0.683146E+01
   0.207437E+01   0.650754E+01
