#           k/h    P           
   0.100000E-03   0.178999E+03
   0.102020E-03   0.182487E+03
   0.104081E-03   0.186043E+03
   0.106184E-03   0.189668E+03
   0.108329E-03   0.193364E+03
   0.110517E-03   0.197132E+03
   0.112750E-03   0.200973E+03
   0.115027E-03   0.204890E+03
   0.117351E-03   0.208882E+03
   0.119722E-03   0.212952E+03
   0.122140E-03   0.217102E+03
   0.124608E-03   0.221332E+03
   0.127125E-03   0.225645E+03
   0.129693E-03   0.230042E+03
   0.132313E-03   0.234525E+03
   0.134986E-03   0.239095E+03
   0.137713E-03   0.243754E+03
   0.140495E-03   0.248503E+03
   0.143333E-03   0.253346E+03
   0.146228E-03   0.258282E+03
   0.149182E-03   0.263315E+03
   0.152196E-03   0.268446E+03
   0.155271E-03   0.273677E+03
   0.158407E-03   0.279010E+03
   0.161607E-03   0.284447E+03
   0.164872E-03   0.289990E+03
   0.168203E-03   0.295640E+03
   0.171601E-03   0.301401E+03
   0.175067E-03   0.307274E+03
   0.178604E-03   0.313262E+03
   0.182212E-03   0.319366E+03
   0.185893E-03   0.325589E+03
   0.189648E-03   0.331934E+03
   0.193479E-03   0.338402E+03
   0.197388E-03   0.344996E+03
   0.201375E-03   0.351719E+03
   0.205443E-03   0.358572E+03
   0.209594E-03   0.365559E+03
   0.213828E-03   0.372682E+03
   0.218147E-03   0.379945E+03
   0.222554E-03   0.387348E+03
   0.227050E-03   0.394896E+03
   0.231637E-03   0.402591E+03
   0.236316E-03   0.410435E+03
   0.241090E-03   0.418433E+03
   0.245960E-03   0.426586E+03
   0.250929E-03   0.434899E+03
   0.255998E-03   0.443373E+03
   0.261170E-03   0.452012E+03
   0.266446E-03   0.460820E+03
   0.271828E-03   0.469799E+03
   0.277319E-03   0.478952E+03
   0.282922E-03   0.488285E+03
   0.288637E-03   0.497799E+03
   0.294468E-03   0.507498E+03
   0.300417E-03   0.517386E+03
   0.306485E-03   0.527466E+03
   0.312677E-03   0.537743E+03
   0.318993E-03   0.548220E+03
   0.325437E-03   0.558901E+03
   0.332012E-03   0.569790E+03
   0.338719E-03   0.580890E+03
   0.345561E-03   0.592207E+03
   0.352542E-03   0.603743E+03
   0.359664E-03   0.615504E+03
   0.366930E-03   0.627494E+03
   0.374342E-03   0.639717E+03
   0.381904E-03   0.652178E+03
   0.389619E-03   0.664880E+03
   0.397490E-03   0.677830E+03
   0.405520E-03   0.691031E+03
   0.413712E-03   0.704489E+03
   0.422070E-03   0.718207E+03
   0.430596E-03   0.732192E+03
   0.439295E-03   0.746449E+03
   0.448169E-03   0.760982E+03
   0.457222E-03   0.775797E+03
   0.466459E-03   0.790898E+03
   0.475882E-03   0.806293E+03
   0.485496E-03   0.821985E+03
   0.495303E-03   0.837981E+03
   0.505309E-03   0.854287E+03
   0.515517E-03   0.870907E+03
   0.525931E-03   0.887849E+03
   0.536556E-03   0.905117E+03
   0.547395E-03   0.922719E+03
   0.558453E-03   0.940660E+03
   0.569734E-03   0.958946E+03
   0.581244E-03   0.977584E+03
   0.592986E-03   0.996581E+03
   0.604965E-03   0.101594E+04
   0.617186E-03   0.103567E+04
   0.629654E-03   0.105578E+04
   0.642374E-03   0.107628E+04
   0.655350E-03   0.109717E+04
   0.668589E-03   0.111845E+04
   0.682096E-03   0.114014E+04
   0.695875E-03   0.116224E+04
   0.709933E-03   0.118477E+04
   0.724274E-03   0.120772E+04
   0.738906E-03   0.123110E+04
   0.753832E-03   0.125492E+04
   0.769061E-03   0.127920E+04
   0.784597E-03   0.130393E+04
   0.800447E-03   0.132912E+04
   0.816617E-03   0.135479E+04
   0.833114E-03   0.138093E+04
   0.849944E-03   0.140756E+04
   0.867114E-03   0.143468E+04
   0.884631E-03   0.146231E+04
   0.902501E-03   0.149044E+04
   0.920733E-03   0.151909E+04
   0.939333E-03   0.154827E+04
   0.958309E-03   0.157797E+04
   0.977668E-03   0.160822E+04
   0.997418E-03   0.163902E+04
   0.101757E-02   0.167037E+04
   0.103812E-02   0.170228E+04
   0.105910E-02   0.173477E+04
   0.108049E-02   0.176783E+04
   0.110232E-02   0.180147E+04
   0.112459E-02   0.183572E+04
   0.114730E-02   0.187056E+04
   0.117048E-02   0.190601E+04
   0.119413E-02   0.194208E+04
   0.121825E-02   0.197877E+04
   0.124286E-02   0.201609E+04
   0.126797E-02   0.205405E+04
   0.129358E-02   0.209265E+04
   0.131971E-02   0.213191E+04
   0.134637E-02   0.217183E+04
   0.137357E-02   0.221242E+04
   0.140132E-02   0.225369E+04
   0.142963E-02   0.229563E+04
   0.145851E-02   0.233827E+04
   0.148797E-02   0.238160E+04
   0.151803E-02   0.242564E+04
   0.154870E-02   0.247039E+04
   0.157998E-02   0.251586E+04
   0.161190E-02   0.256206E+04
   0.164446E-02   0.260899E+04
   0.167768E-02   0.265666E+04
   0.171158E-02   0.270508E+04
   0.174615E-02   0.275425E+04
   0.178143E-02   0.280418E+04
   0.181741E-02   0.285489E+04
   0.185413E-02   0.290636E+04
   0.189158E-02   0.295862E+04
   0.192980E-02   0.301167E+04
   0.196878E-02   0.306551E+04
   0.200855E-02   0.312015E+04
   0.204913E-02   0.317559E+04
   0.209052E-02   0.323184E+04
   0.213276E-02   0.328892E+04
   0.217584E-02   0.334681E+04
   0.221979E-02   0.340552E+04
   0.226464E-02   0.346507E+04
   0.231039E-02   0.352544E+04
   0.235706E-02   0.358666E+04
   0.240467E-02   0.364871E+04
   0.245325E-02   0.371160E+04
   0.250281E-02   0.377534E+04
   0.255337E-02   0.383993E+04
   0.260495E-02   0.390536E+04
   0.265758E-02   0.397164E+04
   0.271126E-02   0.403878E+04
   0.276603E-02   0.410676E+04
   0.282191E-02   0.417559E+04
   0.287892E-02   0.424527E+04
   0.293708E-02   0.431579E+04
   0.299641E-02   0.438716E+04
   0.305694E-02   0.445937E+04
   0.311870E-02   0.453241E+04
   0.318170E-02   0.460629E+04
   0.324597E-02   0.468100E+04
   0.331155E-02   0.475653E+04
   0.337844E-02   0.483288E+04
   0.344669E-02   0.491003E+04
   0.351632E-02   0.498799E+04
   0.358735E-02   0.506674E+04
   0.365982E-02   0.514626E+04
   0.373376E-02   0.522656E+04
   0.380918E-02   0.530762E+04
   0.388613E-02   0.538942E+04
   0.396464E-02   0.547196E+04
   0.404473E-02   0.555521E+04
   0.412644E-02   0.563917E+04
   0.420980E-02   0.572381E+04
   0.429484E-02   0.580912E+04
   0.438160E-02   0.589508E+04
   0.447012E-02   0.598166E+04
   0.456042E-02   0.606885E+04
   0.465255E-02   0.615662E+04
   0.474653E-02   0.624495E+04
   0.484242E-02   0.633381E+04
   0.494024E-02   0.642318E+04
   0.504004E-02   0.651303E+04
   0.514186E-02   0.660333E+04
   0.524573E-02   0.669404E+04
   0.535170E-02   0.678514E+04
   0.545981E-02   0.687659E+04
   0.557011E-02   0.696835E+04
   0.568263E-02   0.706039E+04
   0.579743E-02   0.715267E+04
   0.591455E-02   0.724514E+04
   0.603403E-02   0.733777E+04
   0.615592E-02   0.743051E+04
   0.628028E-02   0.752331E+04
   0.640715E-02   0.761613E+04
   0.653658E-02   0.770891E+04
   0.666863E-02   0.780161E+04
   0.680335E-02   0.789417E+04
   0.694078E-02   0.798654E+04
   0.708100E-02   0.807865E+04
   0.722404E-02   0.817046E+04
   0.736998E-02   0.826189E+04
   0.751886E-02   0.835288E+04
   0.767075E-02   0.844338E+04
   0.782571E-02   0.853330E+04
   0.798380E-02   0.862258E+04
   0.814509E-02   0.871115E+04
   0.830963E-02   0.879893E+04
   0.847750E-02   0.888585E+04
   0.864875E-02   0.897182E+04
   0.882347E-02   0.905678E+04
   0.900171E-02   0.914063E+04
   0.918356E-02   0.922329E+04
   0.936908E-02   0.930467E+04
   0.955835E-02   0.938468E+04
   0.975144E-02   0.946323E+04
   0.994843E-02   0.954022E+04
   0.101494E-01   0.961557E+04
   0.103544E-01   0.968916E+04
   0.105636E-01   0.976090E+04
   0.107770E-01   0.983069E+04
   0.109947E-01   0.989842E+04
   0.112168E-01   0.996399E+04
   0.114434E-01   0.100273E+05
   0.116746E-01   0.100882E+05
   0.119104E-01   0.101466E+05
   0.121510E-01   0.102024E+05
   0.123965E-01   0.102555E+05
   0.126469E-01   0.103058E+05
   0.129024E-01   0.103531E+05
   0.131631E-01   0.103974E+05
   0.134290E-01   0.104384E+05
   0.137003E-01   0.104762E+05
   0.139770E-01   0.105105E+05
   0.142594E-01   0.105414E+05
   0.145474E-01   0.105685E+05
   0.148413E-01   0.105919E+05
   0.151411E-01   0.106114E+05
   0.154470E-01   0.106269E+05
   0.157590E-01   0.106383E+05
   0.160774E-01   0.106455E+05
   0.164022E-01   0.106484E+05
   0.167335E-01   0.106468E+05
   0.170716E-01   0.106408E+05
   0.174164E-01   0.106301E+05
   0.177683E-01   0.106147E+05
   0.181272E-01   0.105946E+05
   0.184934E-01   0.105696E+05
   0.188670E-01   0.105397E+05
   0.192481E-01   0.105049E+05
   0.196370E-01   0.104650E+05
   0.200337E-01   0.104201E+05
   0.204384E-01   0.103701E+05
   0.208513E-01   0.103149E+05
   0.212725E-01   0.102547E+05
   0.217022E-01   0.101894E+05
   0.221406E-01   0.101190E+05
   0.225879E-01   0.100436E+05
   0.230442E-01   0.996326E+04
   0.235097E-01   0.987797E+04
   0.239847E-01   0.978785E+04
   0.244692E-01   0.969300E+04
   0.249635E-01   0.959357E+04
   0.254678E-01   0.948970E+04
   0.259823E-01   0.938154E+04
   0.265072E-01   0.926924E+04
   0.270426E-01   0.915302E+04
   0.275889E-01   0.903312E+04
   0.281463E-01   0.890978E+04
   0.287149E-01   0.878323E+04
   0.292949E-01   0.865373E+04
   0.298867E-01   0.852159E+04
   0.304905E-01   0.838713E+04
   0.311064E-01   0.825070E+04
   0.317348E-01   0.811261E+04
   0.323759E-01   0.797318E+04
   0.330299E-01   0.783279E+04
   0.336972E-01   0.769185E+04
   0.343779E-01   0.755074E+04
   0.350724E-01   0.740983E+04
   0.357809E-01   0.726946E+04
   0.365038E-01   0.713005E+04
   0.372412E-01   0.699199E+04
   0.379935E-01   0.685568E+04
   0.387610E-01   0.672146E+04
   0.395440E-01   0.658965E+04
   0.403429E-01   0.646059E+04
   0.411579E-01   0.633460E+04
   0.419893E-01   0.621198E+04
   0.428375E-01   0.609298E+04
   0.437029E-01   0.597784E+04
   0.445858E-01   0.586672E+04
   0.454865E-01   0.575974E+04
   0.464053E-01   0.565701E+04
   0.473428E-01   0.555864E+04
   0.482992E-01   0.546466E+04
   0.492749E-01   0.537495E+04
   0.502703E-01   0.528938E+04
   0.512858E-01   0.520782E+04
   0.523219E-01   0.513013E+04
   0.533789E-01   0.505597E+04
   0.544572E-01   0.498494E+04
   0.555573E-01   0.491666E+04
   0.566796E-01   0.485074E+04
   0.578246E-01   0.478662E+04
   0.589927E-01   0.472370E+04
   0.601845E-01   0.466137E+04
   0.614003E-01   0.459906E+04
   0.626407E-01   0.453605E+04
   0.639061E-01   0.447167E+04
   0.651971E-01   0.440527E+04
   0.665142E-01   0.433623E+04
   0.678578E-01   0.426396E+04
   0.692287E-01   0.418795E+04
   0.706272E-01   0.410777E+04
   0.720539E-01   0.402313E+04
   0.735095E-01   0.393381E+04
   0.749945E-01   0.383976E+04
   0.765095E-01   0.374120E+04
   0.780551E-01   0.363838E+04
   0.796319E-01   0.353181E+04
   0.812406E-01   0.342221E+04
   0.828817E-01   0.331031E+04
   0.845561E-01   0.319712E+04
   0.862642E-01   0.308369E+04
   0.880068E-01   0.297109E+04
   0.897847E-01   0.286053E+04
   0.915985E-01   0.275310E+04
   0.934489E-01   0.264992E+04
   0.953367E-01   0.255199E+04
   0.972626E-01   0.246013E+04
   0.992274E-01   0.237497E+04
   0.101232E+00   0.229701E+04
   0.103277E+00   0.222651E+04
   0.105363E+00   0.216335E+04
   0.107492E+00   0.210734E+04
   0.109663E+00   0.205790E+04
   0.111879E+00   0.201420E+04
   0.114139E+00   0.197529E+04
   0.116445E+00   0.193984E+04
   0.118797E+00   0.190652E+04
   0.121197E+00   0.187386E+04
   0.123645E+00   0.184035E+04
   0.126143E+00   0.180466E+04
   0.128691E+00   0.176558E+04
   0.131291E+00   0.172224E+04
   0.133943E+00   0.167417E+04
   0.136649E+00   0.162133E+04
   0.139409E+00   0.156416E+04
   0.142226E+00   0.150357E+04
   0.145099E+00   0.144082E+04
   0.148030E+00   0.137747E+04
   0.151020E+00   0.131518E+04
   0.154071E+00   0.125557E+04
   0.157184E+00   0.120009E+04
   0.160359E+00   0.114983E+04
   0.163598E+00   0.110549E+04
   0.166903E+00   0.106728E+04
   0.170275E+00   0.103486E+04
   0.173715E+00   0.100747E+04
   0.177224E+00   0.983870E+03
   0.180804E+00   0.962580E+03
   0.184457E+00   0.941952E+03
   0.188183E+00   0.920402E+03
   0.191985E+00   0.896638E+03
   0.195863E+00   0.869814E+03
   0.199820E+00   0.839704E+03
   0.203856E+00   0.806729E+03
   0.207974E+00   0.771863E+03
   0.212176E+00   0.736473E+03
   0.216462E+00   0.702068E+03
   0.220835E+00   0.670025E+03
   0.225296E+00   0.641345E+03
   0.229847E+00   0.616512E+03
   0.234490E+00   0.595414E+03
   0.239227E+00   0.577389E+03
   0.244060E+00   0.561356E+03
   0.248990E+00   0.546039E+03
   0.254020E+00   0.530241E+03
   0.259152E+00   0.513103E+03
   0.264387E+00   0.494302E+03
   0.269728E+00   0.474102E+03
   0.275177E+00   0.453255E+03
   0.280736E+00   0.432764E+03
   0.286407E+00   0.413584E+03
   0.292193E+00   0.396364E+03
   0.298096E+00   0.381281E+03
   0.304118E+00   0.368027E+03
   0.310261E+00   0.355933E+03
   0.316529E+00   0.344197E+03
   0.322923E+00   0.332154E+03
   0.329447E+00   0.319488E+03
   0.336102E+00   0.306309E+03
   0.342892E+00   0.293069E+03
   0.349819E+00   0.280341E+03
   0.356885E+00   0.268579E+03
   0.364095E+00   0.257946E+03
   0.371450E+00   0.248272E+03
   0.378954E+00   0.239166E+03
   0.386609E+00   0.230213E+03
   0.394419E+00   0.221162E+03
   0.402387E+00   0.212018E+03
   0.410516E+00   0.203001E+03
   0.418809E+00   0.194393E+03
   0.427269E+00   0.186370E+03
   0.435901E+00   0.178924E+03
   0.444706E+00   0.171886E+03
   0.453690E+00   0.165052E+03
   0.462855E+00   0.158302E+03
   0.472206E+00   0.151659E+03
   0.481745E+00   0.145234E+03
   0.491477E+00   0.139136E+03
   0.501405E+00   0.133385E+03
   0.511534E+00   0.127915E+03
   0.521868E+00   0.122634E+03
   0.532411E+00   0.117493E+03
   0.543166E+00   0.112508E+03
   0.554139E+00   0.107726E+03
   0.565333E+00   0.103173E+03
   0.576753E+00   0.988306E+02
   0.588404E+00   0.946572E+02
   0.600291E+00   0.906273E+02
   0.612418E+00   0.867441E+02
   0.624789E+00   0.830226E+02
   0.637411E+00   0.794617E+02
   0.650288E+00   0.760507E+02
   0.663424E+00   0.727799E+02
   0.676826E+00   0.696408E+02
   0.690499E+00   0.666272E+02
   0.704448E+00   0.637356E+02
   0.718679E+00   0.609629E+02
   0.733197E+00   0.583054E+02
   0.748009E+00   0.557589E+02
   0.763119E+00   0.533187E+02
   0.778536E+00   0.509804E+02
   0.794263E+00   0.487398E+02
   0.810308E+00   0.465931E+02
   0.826677E+00   0.445367E+02
   0.843378E+00   0.425669E+02
   0.860415E+00   0.406804E+02
   0.877797E+00   0.388740E+02
   0.895529E+00   0.371444E+02
   0.913620E+00   0.354886E+02
   0.932076E+00   0.339036E+02
   0.950906E+00   0.323866E+02
   0.970115E+00   0.309348E+02
   0.989713E+00   0.295455E+02
   0.100971E+01   0.282160E+02
   0.103010E+01   0.269441E+02
   0.105091E+01   0.257272E+02
   0.107214E+01   0.245631E+02
   0.109380E+01   0.234497E+02
   0.111590E+01   0.223849E+02
   0.113844E+01   0.213668E+02
   0.116144E+01   0.203934E+02
   0.118490E+01   0.194627E+02
   0.120884E+01   0.185730E+02
   0.123326E+01   0.177225E+02
   0.125817E+01   0.169097E+02
   0.128359E+01   0.161330E+02
   0.130952E+01   0.153907E+02
   0.133597E+01   0.146815E+02
   0.136296E+01   0.140040E+02
   0.139049E+01   0.133568E+02
   0.141858E+01   0.127386E+02
   0.144724E+01   0.121481E+02
   0.147648E+01   0.115843E+02
   0.150630E+01   0.110458E+02
   0.153673E+01   0.105315E+02
   0.156778E+01   0.100405E+02
   0.159945E+01   0.957158E+01
   0.163176E+01   0.912388E+01
   0.166472E+01   0.869643E+01
   0.169835E+01   0.828833E+01
   0.173266E+01   0.789873E+01
   0.176766E+01   0.752683E+01
   0.180337E+01   0.717192E+01
   0.183980E+01   0.683329E+01
   0.187697E+01   0.651029E+01
   0.191489E+01   0.620226E+01
   0.195357E+01   0.590857E+01
   0.199304E+01   0.562861E+01
   0.203330E+01   0.536179E+01
   0.207437E+01   0.510756E+01
