#           k/h    P           
   0.100000E-03   0.341342E+03
   0.102020E-03   0.348004E+03
   0.104081E-03   0.354796E+03
   0.106184E-03   0.361722E+03
   0.108329E-03   0.368783E+03
   0.110517E-03   0.375983E+03
   0.112750E-03   0.383324E+03
   0.115027E-03   0.390809E+03
   0.117351E-03   0.398441E+03
   0.119722E-03   0.406222E+03
   0.122140E-03   0.414156E+03
   0.124608E-03   0.422246E+03
   0.127125E-03   0.430494E+03
   0.129693E-03   0.438905E+03
   0.132313E-03   0.447480E+03
   0.134986E-03   0.456225E+03
   0.137713E-03   0.465141E+03
   0.140495E-03   0.474232E+03
   0.143333E-03   0.483502E+03
   0.146228E-03   0.492955E+03
   0.149182E-03   0.502593E+03
   0.152196E-03   0.512422E+03
   0.155271E-03   0.522444E+03
   0.158407E-03   0.532663E+03
   0.161607E-03   0.543084E+03
   0.164872E-03   0.553711E+03
   0.168203E-03   0.564547E+03
   0.171601E-03   0.575597E+03
   0.175067E-03   0.586865E+03
   0.178604E-03   0.598356E+03
   0.182212E-03   0.610074E+03
   0.185893E-03   0.622023E+03
   0.189648E-03   0.634210E+03
   0.193479E-03   0.646637E+03
   0.197388E-03   0.659311E+03
   0.201375E-03   0.672236E+03
   0.205443E-03   0.685417E+03
   0.209594E-03   0.698860E+03
   0.213828E-03   0.712570E+03
   0.218147E-03   0.726552E+03
   0.222554E-03   0.740813E+03
   0.227050E-03   0.755357E+03
   0.231637E-03   0.770191E+03
   0.236316E-03   0.785320E+03
   0.241090E-03   0.800751E+03
   0.245960E-03   0.816490E+03
   0.250929E-03   0.832543E+03
   0.255998E-03   0.848917E+03
   0.261170E-03   0.865618E+03
   0.266446E-03   0.882654E+03
   0.271828E-03   0.900031E+03
   0.277319E-03   0.917757E+03
   0.282922E-03   0.935838E+03
   0.288637E-03   0.954282E+03
   0.294468E-03   0.973097E+03
   0.300417E-03   0.992290E+03
   0.306485E-03   0.101187E+04
   0.312677E-03   0.103184E+04
   0.318993E-03   0.105222E+04
   0.325437E-03   0.107301E+04
   0.332012E-03   0.109422E+04
   0.338719E-03   0.111586E+04
   0.345561E-03   0.113793E+04
   0.352542E-03   0.116045E+04
   0.359664E-03   0.118343E+04
   0.366930E-03   0.120688E+04
   0.374342E-03   0.123080E+04
   0.381904E-03   0.125521E+04
   0.389619E-03   0.128011E+04
   0.397490E-03   0.130552E+04
   0.405520E-03   0.133145E+04
   0.413712E-03   0.135791E+04
   0.422070E-03   0.138490E+04
   0.430596E-03   0.141245E+04
   0.439295E-03   0.144056E+04
   0.448169E-03   0.146924E+04
   0.457222E-03   0.149851E+04
   0.466459E-03   0.152837E+04
   0.475882E-03   0.155885E+04
   0.485496E-03   0.158995E+04
   0.495303E-03   0.162168E+04
   0.505309E-03   0.165406E+04
   0.515517E-03   0.168711E+04
   0.525931E-03   0.172083E+04
   0.536556E-03   0.175523E+04
   0.547395E-03   0.179034E+04
   0.558453E-03   0.182616E+04
   0.569734E-03   0.186272E+04
   0.581244E-03   0.190001E+04
   0.592986E-03   0.193807E+04
   0.604965E-03   0.197689E+04
   0.617186E-03   0.201650E+04
   0.629654E-03   0.205691E+04
   0.642374E-03   0.209814E+04
   0.655350E-03   0.214019E+04
   0.668589E-03   0.218309E+04
   0.682096E-03   0.222685E+04
   0.695875E-03   0.227148E+04
   0.709933E-03   0.231700E+04
   0.724274E-03   0.236342E+04
   0.738906E-03   0.241076E+04
   0.753832E-03   0.245902E+04
   0.769061E-03   0.250824E+04
   0.784597E-03   0.255841E+04
   0.800447E-03   0.260955E+04
   0.816617E-03   0.266169E+04
   0.833114E-03   0.271482E+04
   0.849944E-03   0.276897E+04
   0.867114E-03   0.282414E+04
   0.884631E-03   0.288036E+04
   0.902501E-03   0.293763E+04
   0.920733E-03   0.299596E+04
   0.939333E-03   0.305538E+04
   0.958309E-03   0.311589E+04
   0.977668E-03   0.317751E+04
   0.997418E-03   0.324024E+04
   0.101757E-02   0.330411E+04
   0.103812E-02   0.336911E+04
   0.105910E-02   0.343527E+04
   0.108049E-02   0.350260E+04
   0.110232E-02   0.357111E+04
   0.112459E-02   0.364081E+04
   0.114730E-02   0.371171E+04
   0.117048E-02   0.378383E+04
   0.119413E-02   0.385718E+04
   0.121825E-02   0.393178E+04
   0.124286E-02   0.400762E+04
   0.126797E-02   0.408474E+04
   0.129358E-02   0.416314E+04
   0.131971E-02   0.424284E+04
   0.134637E-02   0.432385E+04
   0.137357E-02   0.440618E+04
   0.140132E-02   0.448986E+04
   0.142963E-02   0.457489E+04
   0.145851E-02   0.466128E+04
   0.148797E-02   0.474907E+04
   0.151803E-02   0.483825E+04
   0.154870E-02   0.492885E+04
   0.157998E-02   0.502088E+04
   0.161190E-02   0.511436E+04
   0.164446E-02   0.520929E+04
   0.167768E-02   0.530570E+04
   0.171158E-02   0.540360E+04
   0.174615E-02   0.550301E+04
   0.178143E-02   0.560393E+04
   0.181741E-02   0.570639E+04
   0.185413E-02   0.581039E+04
   0.189158E-02   0.591594E+04
   0.192980E-02   0.602307E+04
   0.196878E-02   0.613178E+04
   0.200855E-02   0.624208E+04
   0.204913E-02   0.635399E+04
   0.209052E-02   0.646751E+04
   0.213276E-02   0.658266E+04
   0.217584E-02   0.669944E+04
   0.221979E-02   0.681787E+04
   0.226464E-02   0.693795E+04
   0.231039E-02   0.705969E+04
   0.235706E-02   0.718310E+04
   0.240467E-02   0.730819E+04
   0.245325E-02   0.743495E+04
   0.250281E-02   0.756341E+04
   0.255337E-02   0.769355E+04
   0.260495E-02   0.782539E+04
   0.265758E-02   0.795892E+04
   0.271126E-02   0.809415E+04
   0.276603E-02   0.823107E+04
   0.282191E-02   0.836969E+04
   0.287892E-02   0.851001E+04
   0.293708E-02   0.865202E+04
   0.299641E-02   0.879571E+04
   0.305694E-02   0.894108E+04
   0.311870E-02   0.908813E+04
   0.318170E-02   0.923684E+04
   0.324597E-02   0.938721E+04
   0.331155E-02   0.953922E+04
   0.337844E-02   0.969287E+04
   0.344669E-02   0.984813E+04
   0.351632E-02   0.100050E+05
   0.358735E-02   0.101634E+05
   0.365982E-02   0.103234E+05
   0.373376E-02   0.104850E+05
   0.380918E-02   0.106481E+05
   0.388613E-02   0.108126E+05
   0.396464E-02   0.109786E+05
   0.404473E-02   0.111461E+05
   0.412644E-02   0.113150E+05
   0.420980E-02   0.114852E+05
   0.429484E-02   0.116568E+05
   0.438160E-02   0.118296E+05
   0.447012E-02   0.120037E+05
   0.456042E-02   0.121791E+05
   0.465255E-02   0.123555E+05
   0.474653E-02   0.125332E+05
   0.484242E-02   0.127118E+05
   0.494024E-02   0.128915E+05
   0.504004E-02   0.130722E+05
   0.514186E-02   0.132537E+05
   0.524573E-02   0.134361E+05
   0.535170E-02   0.136192E+05
   0.545981E-02   0.138031E+05
   0.557011E-02   0.139875E+05
   0.568263E-02   0.141725E+05
   0.579743E-02   0.143580E+05
   0.591455E-02   0.145439E+05
   0.603403E-02   0.147301E+05
   0.615592E-02   0.149165E+05
   0.628028E-02   0.151030E+05
   0.640715E-02   0.152896E+05
   0.653658E-02   0.154761E+05
   0.666863E-02   0.156624E+05
   0.680335E-02   0.158484E+05
   0.694078E-02   0.160341E+05
   0.708100E-02   0.162192E+05
   0.722404E-02   0.164037E+05
   0.736998E-02   0.165874E+05
   0.751886E-02   0.167703E+05
   0.767075E-02   0.169522E+05
   0.782571E-02   0.171329E+05
   0.798380E-02   0.173123E+05
   0.814509E-02   0.174903E+05
   0.830963E-02   0.176667E+05
   0.847750E-02   0.178414E+05
   0.864875E-02   0.180141E+05
   0.882347E-02   0.181848E+05
   0.900171E-02   0.183533E+05
   0.918356E-02   0.185194E+05
   0.936908E-02   0.186830E+05
   0.955835E-02   0.188437E+05
   0.975144E-02   0.190016E+05
   0.994843E-02   0.191563E+05
   0.101494E-01   0.193077E+05
   0.103544E-01   0.194556E+05
   0.105636E-01   0.195998E+05
   0.107770E-01   0.197400E+05
   0.109947E-01   0.198761E+05
   0.112168E-01   0.200079E+05
   0.114434E-01   0.201350E+05
   0.116746E-01   0.202575E+05
   0.119104E-01   0.203749E+05
   0.121510E-01   0.204870E+05
   0.123965E-01   0.205937E+05
   0.126469E-01   0.206948E+05
   0.129024E-01   0.207898E+05
   0.131631E-01   0.208788E+05
   0.134290E-01   0.209613E+05
   0.137003E-01   0.210372E+05
   0.139770E-01   0.211062E+05
   0.142594E-01   0.211682E+05
   0.145474E-01   0.212227E+05
   0.148413E-01   0.212698E+05
   0.151411E-01   0.213090E+05
   0.154470E-01   0.213402E+05
   0.157590E-01   0.213631E+05
   0.160774E-01   0.213776E+05
   0.164022E-01   0.213834E+05
   0.167335E-01   0.213804E+05
   0.170716E-01   0.213682E+05
   0.174164E-01   0.213469E+05
   0.177683E-01   0.213161E+05
   0.181272E-01   0.212757E+05
   0.184934E-01   0.212255E+05
   0.188670E-01   0.211656E+05
   0.192481E-01   0.210956E+05
   0.196370E-01   0.210155E+05
   0.200337E-01   0.209253E+05
   0.204384E-01   0.208249E+05
   0.208513E-01   0.207143E+05
   0.212725E-01   0.205934E+05
   0.217022E-01   0.204623E+05
   0.221406E-01   0.203210E+05
   0.225879E-01   0.201696E+05
   0.230442E-01   0.200082E+05
   0.235097E-01   0.198369E+05
   0.239847E-01   0.196559E+05
   0.244692E-01   0.194655E+05
   0.249635E-01   0.192658E+05
   0.254678E-01   0.190573E+05
   0.259823E-01   0.188401E+05
   0.265072E-01   0.186146E+05
   0.270426E-01   0.183812E+05
   0.275889E-01   0.181404E+05
   0.281463E-01   0.178927E+05
   0.287149E-01   0.176386E+05
   0.292949E-01   0.173786E+05
   0.298867E-01   0.171132E+05
   0.304905E-01   0.168432E+05
   0.311064E-01   0.165692E+05
   0.317348E-01   0.162919E+05
   0.323759E-01   0.160119E+05
   0.330299E-01   0.157300E+05
   0.336972E-01   0.154470E+05
   0.343779E-01   0.151636E+05
   0.350724E-01   0.148806E+05
   0.357809E-01   0.145987E+05
   0.365038E-01   0.143188E+05
   0.372412E-01   0.140415E+05
   0.379935E-01   0.137678E+05
   0.387610E-01   0.134982E+05
   0.395440E-01   0.132335E+05
   0.403429E-01   0.129744E+05
   0.411579E-01   0.127214E+05
   0.419893E-01   0.124751E+05
   0.428375E-01   0.122361E+05
   0.437029E-01   0.120049E+05
   0.445858E-01   0.117818E+05
   0.454865E-01   0.115669E+05
   0.464053E-01   0.113606E+05
   0.473428E-01   0.111631E+05
   0.482992E-01   0.109743E+05
   0.492749E-01   0.107942E+05
   0.502703E-01   0.106223E+05
   0.512858E-01   0.104586E+05
   0.523219E-01   0.103025E+05
   0.533789E-01   0.101536E+05
   0.544572E-01   0.100110E+05
   0.555573E-01   0.987383E+04
   0.566796E-01   0.974145E+04
   0.578246E-01   0.961269E+04
   0.589927E-01   0.948632E+04
   0.601845E-01   0.936117E+04
   0.614003E-01   0.923603E+04
   0.626407E-01   0.910950E+04
   0.639061E-01   0.898020E+04
   0.651971E-01   0.884685E+04
   0.665142E-01   0.870820E+04
   0.678578E-01   0.856308E+04
   0.692287E-01   0.841043E+04
   0.706272E-01   0.824941E+04
   0.720539E-01   0.807944E+04
   0.735095E-01   0.790005E+04
   0.749945E-01   0.771119E+04
   0.765095E-01   0.751325E+04
   0.780551E-01   0.730676E+04
   0.796319E-01   0.709274E+04
   0.812406E-01   0.687263E+04
   0.828817E-01   0.664791E+04
   0.845561E-01   0.642060E+04
   0.862642E-01   0.619280E+04
   0.880068E-01   0.596668E+04
   0.897847E-01   0.574465E+04
   0.915985E-01   0.552891E+04
   0.934489E-01   0.532170E+04
   0.953367E-01   0.512502E+04
   0.972626E-01   0.494055E+04
   0.992274E-01   0.476952E+04
   0.101232E+00   0.461296E+04
   0.103277E+00   0.447138E+04
   0.105363E+00   0.434454E+04
   0.107492E+00   0.423207E+04
   0.109663E+00   0.413278E+04
   0.111879E+00   0.404502E+04
   0.114139E+00   0.396686E+04
   0.116445E+00   0.389567E+04
   0.118797E+00   0.382877E+04
   0.121197E+00   0.376317E+04
   0.123645E+00   0.369589E+04
   0.126143E+00   0.362421E+04
   0.128691E+00   0.354572E+04
   0.131291E+00   0.345870E+04
   0.133943E+00   0.336216E+04
   0.136649E+00   0.325603E+04
   0.139409E+00   0.314123E+04
   0.142226E+00   0.301954E+04
   0.145099E+00   0.289353E+04
   0.148030E+00   0.276631E+04
   0.151020E+00   0.264121E+04
   0.154071E+00   0.252150E+04
   0.157184E+00   0.241007E+04
   0.160359E+00   0.230914E+04
   0.163598E+00   0.222010E+04
   0.166903E+00   0.214336E+04
   0.170275E+00   0.207825E+04
   0.173715E+00   0.202324E+04
   0.177224E+00   0.197586E+04
   0.180804E+00   0.193310E+04
   0.184457E+00   0.189167E+04
   0.188183E+00   0.184840E+04
   0.191985E+00   0.180067E+04
   0.195863E+00   0.174680E+04
   0.199820E+00   0.168634E+04
   0.203856E+00   0.162011E+04
   0.207974E+00   0.155009E+04
   0.212176E+00   0.147902E+04
   0.216462E+00   0.140993E+04
   0.220835E+00   0.134558E+04
   0.225296E+00   0.128798E+04
   0.229847E+00   0.123811E+04
   0.234490E+00   0.119574E+04
   0.239227E+00   0.115954E+04
   0.244060E+00   0.112734E+04
   0.248990E+00   0.109658E+04
   0.254020E+00   0.106486E+04
   0.259152E+00   0.103044E+04
   0.264387E+00   0.992682E+03
   0.269728E+00   0.952115E+03
   0.275177E+00   0.910250E+03
   0.280736E+00   0.869098E+03
   0.286407E+00   0.830581E+03
   0.292193E+00   0.795998E+03
   0.298096E+00   0.765708E+03
   0.304118E+00   0.739091E+03
   0.310261E+00   0.714803E+03
   0.316529E+00   0.691233E+03
   0.322923E+00   0.667047E+03
   0.329447E+00   0.641611E+03
   0.336102E+00   0.615146E+03
   0.342892E+00   0.588555E+03
   0.349819E+00   0.562994E+03
   0.356885E+00   0.539375E+03
   0.364095E+00   0.518021E+03
   0.371450E+00   0.498592E+03
   0.378954E+00   0.480305E+03
   0.386609E+00   0.462326E+03
   0.394419E+00   0.444148E+03
   0.402387E+00   0.425785E+03
   0.410516E+00   0.407677E+03
   0.418809E+00   0.390389E+03
   0.427269E+00   0.374278E+03
   0.435901E+00   0.359324E+03
   0.444706E+00   0.345190E+03
   0.453690E+00   0.331465E+03
   0.462855E+00   0.317911E+03
   0.472206E+00   0.304569E+03
   0.481745E+00   0.291667E+03
   0.491477E+00   0.279419E+03
   0.501405E+00   0.267870E+03
   0.511534E+00   0.256885E+03
   0.521868E+00   0.246280E+03
   0.532411E+00   0.235955E+03
   0.543166E+00   0.225944E+03
   0.554139E+00   0.216341E+03
   0.565333E+00   0.207198E+03
   0.576753E+00   0.198477E+03
   0.588404E+00   0.190095E+03
   0.600291E+00   0.182002E+03
   0.612418E+00   0.174204E+03
   0.624789E+00   0.166730E+03
   0.637411E+00   0.159579E+03
   0.650288E+00   0.152729E+03
   0.663424E+00   0.146160E+03
   0.676826E+00   0.139856E+03
   0.690499E+00   0.133804E+03
   0.704448E+00   0.127997E+03
   0.718679E+00   0.122429E+03
   0.733197E+00   0.117092E+03
   0.748009E+00   0.111978E+03
   0.763119E+00   0.107077E+03
   0.778536E+00   0.102382E+03
   0.794263E+00   0.978818E+02
   0.810308E+00   0.935707E+02
   0.826677E+00   0.894408E+02
   0.843378E+00   0.854850E+02
   0.860415E+00   0.816965E+02
   0.877797E+00   0.780687E+02
   0.895529E+00   0.745952E+02
   0.913620E+00   0.712700E+02
   0.932076E+00   0.680870E+02
   0.950906E+00   0.650405E+02
   0.970115E+00   0.621248E+02
   0.989713E+00   0.593347E+02
   0.100971E+01   0.566649E+02
   0.103010E+01   0.541104E+02
   0.105091E+01   0.516666E+02
   0.107214E+01   0.493288E+02
   0.109380E+01   0.470929E+02
   0.111590E+01   0.449545E+02
   0.113844E+01   0.429099E+02
   0.116144E+01   0.409550E+02
   0.118490E+01   0.390859E+02
   0.120884E+01   0.372992E+02
   0.123326E+01   0.355913E+02
   0.125817E+01   0.339590E+02
   0.128359E+01   0.323990E+02
   0.130952E+01   0.309084E+02
   0.133597E+01   0.294842E+02
   0.136296E+01   0.281235E+02
   0.139049E+01   0.268238E+02
   0.141858E+01   0.255823E+02
   0.144724E+01   0.243965E+02
   0.147648E+01   0.232641E+02
   0.150630E+01   0.221827E+02
   0.153673E+01   0.211499E+02
   0.156778E+01   0.201638E+02
   0.159945E+01   0.192221E+02
   0.163176E+01   0.183230E+02
   0.166472E+01   0.174646E+02
   0.169835E+01   0.166450E+02
   0.173266E+01   0.158626E+02
   0.176766E+01   0.151158E+02
   0.180337E+01   0.144030E+02
   0.183980E+01   0.137230E+02
   0.187697E+01   0.130743E+02
   0.191489E+01   0.124557E+02
   0.195357E+01   0.118659E+02
   0.199304E+01   0.113037E+02
   0.203330E+01   0.107678E+02
   0.207437E+01   0.102573E+02
