#           k/h    P           
   0.100000E-03   0.391642E+03
   0.102020E-03   0.399293E+03
   0.104081E-03   0.407094E+03
   0.106184E-03   0.415048E+03
   0.108329E-03   0.423159E+03
   0.110517E-03   0.431429E+03
   0.112750E-03   0.439861E+03
   0.115027E-03   0.448460E+03
   0.117351E-03   0.457227E+03
   0.119722E-03   0.466168E+03
   0.122140E-03   0.475284E+03
   0.124608E-03   0.484580E+03
   0.127125E-03   0.494059E+03
   0.129693E-03   0.503726E+03
   0.132313E-03   0.513583E+03
   0.134986E-03   0.523634E+03
   0.137713E-03   0.533884E+03
   0.140495E-03   0.544336E+03
   0.143333E-03   0.554995E+03
   0.146228E-03   0.565865E+03
   0.149182E-03   0.576950E+03
   0.152196E-03   0.588254E+03
   0.155271E-03   0.599783E+03
   0.158407E-03   0.611539E+03
   0.161607E-03   0.623530E+03
   0.164872E-03   0.635758E+03
   0.168203E-03   0.648229E+03
   0.171601E-03   0.660947E+03
   0.175067E-03   0.673919E+03
   0.178604E-03   0.687149E+03
   0.182212E-03   0.700643E+03
   0.185893E-03   0.714405E+03
   0.189648E-03   0.728442E+03
   0.193479E-03   0.742760E+03
   0.197388E-03   0.757363E+03
   0.201375E-03   0.772259E+03
   0.205443E-03   0.787453E+03
   0.209594E-03   0.802951E+03
   0.213828E-03   0.818760E+03
   0.218147E-03   0.834887E+03
   0.222554E-03   0.851337E+03
   0.227050E-03   0.868119E+03
   0.231637E-03   0.885239E+03
   0.236316E-03   0.902704E+03
   0.241090E-03   0.920521E+03
   0.245960E-03   0.938698E+03
   0.250929E-03   0.957243E+03
   0.255998E-03   0.976163E+03
   0.261170E-03   0.995467E+03
   0.266446E-03   0.101516E+04
   0.271828E-03   0.103526E+04
   0.277319E-03   0.105576E+04
   0.282922E-03   0.107669E+04
   0.288637E-03   0.109804E+04
   0.294468E-03   0.111982E+04
   0.300417E-03   0.114205E+04
   0.306485E-03   0.116474E+04
   0.312677E-03   0.118789E+04
   0.318993E-03   0.121152E+04
   0.325437E-03   0.123563E+04
   0.332012E-03   0.126024E+04
   0.338719E-03   0.128535E+04
   0.345561E-03   0.131098E+04
   0.352542E-03   0.133715E+04
   0.359664E-03   0.136385E+04
   0.366930E-03   0.139111E+04
   0.374342E-03   0.141893E+04
   0.381904E-03   0.144733E+04
   0.389619E-03   0.147632E+04
   0.397490E-03   0.150591E+04
   0.405520E-03   0.153611E+04
   0.413712E-03   0.156695E+04
   0.422070E-03   0.159843E+04
   0.430596E-03   0.163057E+04
   0.439295E-03   0.166337E+04
   0.448169E-03   0.169687E+04
   0.457222E-03   0.173106E+04
   0.466459E-03   0.176597E+04
   0.475882E-03   0.180161E+04
   0.485496E-03   0.183799E+04
   0.495303E-03   0.187513E+04
   0.505309E-03   0.191305E+04
   0.515517E-03   0.195177E+04
   0.525931E-03   0.199129E+04
   0.536556E-03   0.203164E+04
   0.547395E-03   0.207283E+04
   0.558453E-03   0.211488E+04
   0.569734E-03   0.215780E+04
   0.581244E-03   0.220162E+04
   0.592986E-03   0.224634E+04
   0.604965E-03   0.229200E+04
   0.617186E-03   0.233859E+04
   0.629654E-03   0.238615E+04
   0.642374E-03   0.243468E+04
   0.655350E-03   0.248421E+04
   0.668589E-03   0.253474E+04
   0.682096E-03   0.258631E+04
   0.695875E-03   0.263892E+04
   0.709933E-03   0.269260E+04
   0.724274E-03   0.274735E+04
   0.738906E-03   0.280319E+04
   0.753832E-03   0.286015E+04
   0.769061E-03   0.291824E+04
   0.784597E-03   0.297747E+04
   0.800447E-03   0.303785E+04
   0.816617E-03   0.309941E+04
   0.833114E-03   0.316216E+04
   0.849944E-03   0.322611E+04
   0.867114E-03   0.329128E+04
   0.884631E-03   0.335768E+04
   0.902501E-03   0.342532E+04
   0.920733E-03   0.349423E+04
   0.939333E-03   0.356441E+04
   0.958309E-03   0.363587E+04
   0.977668E-03   0.370864E+04
   0.997418E-03   0.378271E+04
   0.101757E-02   0.385812E+04
   0.103812E-02   0.393486E+04
   0.105910E-02   0.401295E+04
   0.108049E-02   0.409242E+04
   0.110232E-02   0.417325E+04
   0.112459E-02   0.425549E+04
   0.114730E-02   0.433912E+04
   0.117048E-02   0.442418E+04
   0.119413E-02   0.451068E+04
   0.121825E-02   0.459862E+04
   0.124286E-02   0.468803E+04
   0.126797E-02   0.477893E+04
   0.129358E-02   0.487132E+04
   0.131971E-02   0.496522E+04
   0.134637E-02   0.506065E+04
   0.137357E-02   0.515764E+04
   0.140132E-02   0.525618E+04
   0.142963E-02   0.535631E+04
   0.145851E-02   0.545805E+04
   0.148797E-02   0.556140E+04
   0.151803E-02   0.566639E+04
   0.154870E-02   0.577303E+04
   0.157998E-02   0.588135E+04
   0.161190E-02   0.599136E+04
   0.164446E-02   0.610308E+04
   0.167768E-02   0.621652E+04
   0.171158E-02   0.633171E+04
   0.174615E-02   0.644866E+04
   0.178143E-02   0.656738E+04
   0.181741E-02   0.668789E+04
   0.185413E-02   0.681021E+04
   0.189158E-02   0.693435E+04
   0.192980E-02   0.706033E+04
   0.196878E-02   0.718816E+04
   0.200855E-02   0.731785E+04
   0.204913E-02   0.744942E+04
   0.209052E-02   0.758288E+04
   0.213276E-02   0.771824E+04
   0.217584E-02   0.785551E+04
   0.221979E-02   0.799472E+04
   0.226464E-02   0.813585E+04
   0.231039E-02   0.827894E+04
   0.235706E-02   0.842397E+04
   0.240467E-02   0.857097E+04
   0.245325E-02   0.871994E+04
   0.250281E-02   0.887088E+04
   0.255337E-02   0.902380E+04
   0.260495E-02   0.917871E+04
   0.265758E-02   0.933560E+04
   0.271126E-02   0.949448E+04
   0.276603E-02   0.965534E+04
   0.282191E-02   0.981819E+04
   0.287892E-02   0.998303E+04
   0.293708E-02   0.101498E+05
   0.299641E-02   0.103186E+05
   0.305694E-02   0.104894E+05
   0.311870E-02   0.106621E+05
   0.318170E-02   0.108368E+05
   0.324597E-02   0.110134E+05
   0.331155E-02   0.111920E+05
   0.337844E-02   0.113724E+05
   0.344669E-02   0.115548E+05
   0.351632E-02   0.117390E+05
   0.358735E-02   0.119251E+05
   0.365982E-02   0.121130E+05
   0.373376E-02   0.123027E+05
   0.380918E-02   0.124942E+05
   0.388613E-02   0.126875E+05
   0.396464E-02   0.128824E+05
   0.404473E-02   0.130791E+05
   0.412644E-02   0.132774E+05
   0.420980E-02   0.134772E+05
   0.429484E-02   0.136787E+05
   0.438160E-02   0.138817E+05
   0.447012E-02   0.140861E+05
   0.456042E-02   0.142920E+05
   0.465255E-02   0.144992E+05
   0.474653E-02   0.147078E+05
   0.484242E-02   0.149176E+05
   0.494024E-02   0.151286E+05
   0.504004E-02   0.153407E+05
   0.514186E-02   0.155538E+05
   0.524573E-02   0.157679E+05
   0.535170E-02   0.159830E+05
   0.545981E-02   0.161988E+05
   0.557011E-02   0.164154E+05
   0.568263E-02   0.166326E+05
   0.579743E-02   0.168504E+05
   0.591455E-02   0.170686E+05
   0.603403E-02   0.172872E+05
   0.615592E-02   0.175061E+05
   0.628028E-02   0.177251E+05
   0.640715E-02   0.179441E+05
   0.653658E-02   0.181630E+05
   0.666863E-02   0.183818E+05
   0.680335E-02   0.186002E+05
   0.694078E-02   0.188181E+05
   0.708100E-02   0.190354E+05
   0.722404E-02   0.192520E+05
   0.736998E-02   0.194678E+05
   0.751886E-02   0.196824E+05
   0.767075E-02   0.198959E+05
   0.782571E-02   0.201081E+05
   0.798380E-02   0.203187E+05
   0.814509E-02   0.205277E+05
   0.830963E-02   0.207348E+05
   0.847750E-02   0.209398E+05
   0.864875E-02   0.211426E+05
   0.882347E-02   0.213431E+05
   0.900171E-02   0.215409E+05
   0.918356E-02   0.217359E+05
   0.936908E-02   0.219278E+05
   0.955835E-02   0.221166E+05
   0.975144E-02   0.223019E+05
   0.994843E-02   0.224835E+05
   0.101494E-01   0.226612E+05
   0.103544E-01   0.228348E+05
   0.105636E-01   0.230041E+05
   0.107770E-01   0.231687E+05
   0.109947E-01   0.233285E+05
   0.112168E-01   0.234832E+05
   0.114434E-01   0.236325E+05
   0.116746E-01   0.237762E+05
   0.119104E-01   0.239140E+05
   0.121510E-01   0.240457E+05
   0.123965E-01   0.241710E+05
   0.126469E-01   0.242896E+05
   0.129024E-01   0.244012E+05
   0.131631E-01   0.245056E+05
   0.134290E-01   0.246025E+05
   0.137003E-01   0.246916E+05
   0.139770E-01   0.247726E+05
   0.142594E-01   0.248453E+05
   0.145474E-01   0.249094E+05
   0.148413E-01   0.249646E+05
   0.151411E-01   0.250107E+05
   0.154470E-01   0.250473E+05
   0.157590E-01   0.250743E+05
   0.160774E-01   0.250913E+05
   0.164022E-01   0.250981E+05
   0.167335E-01   0.250946E+05
   0.170716E-01   0.250803E+05
   0.174164E-01   0.250553E+05
   0.177683E-01   0.250191E+05
   0.181272E-01   0.249717E+05
   0.184934E-01   0.249129E+05
   0.188670E-01   0.248425E+05
   0.192481E-01   0.247604E+05
   0.196370E-01   0.246665E+05
   0.200337E-01   0.245606E+05
   0.204384E-01   0.244428E+05
   0.208513E-01   0.243129E+05
   0.212725E-01   0.241710E+05
   0.217022E-01   0.240171E+05
   0.221406E-01   0.238513E+05
   0.225879E-01   0.236736E+05
   0.230442E-01   0.234841E+05
   0.235097E-01   0.232831E+05
   0.239847E-01   0.230708E+05
   0.244692E-01   0.228472E+05
   0.249635E-01   0.226129E+05
   0.254678E-01   0.223681E+05
   0.259823E-01   0.221132E+05
   0.265072E-01   0.218485E+05
   0.270426E-01   0.215746E+05
   0.275889E-01   0.212920E+05
   0.281463E-01   0.210013E+05
   0.287149E-01   0.207030E+05
   0.292949E-01   0.203978E+05
   0.298867E-01   0.200863E+05
   0.304905E-01   0.197694E+05
   0.311064E-01   0.194478E+05
   0.317348E-01   0.191224E+05
   0.323759E-01   0.187937E+05
   0.330299E-01   0.184628E+05
   0.336972E-01   0.181306E+05
   0.343779E-01   0.177980E+05
   0.350724E-01   0.174659E+05
   0.357809E-01   0.171350E+05
   0.365038E-01   0.168064E+05
   0.372412E-01   0.164810E+05
   0.379935E-01   0.161597E+05
   0.387610E-01   0.158433E+05
   0.395440E-01   0.155327E+05
   0.403429E-01   0.152285E+05
   0.411579E-01   0.149315E+05
   0.419893E-01   0.146425E+05
   0.428375E-01   0.143620E+05
   0.437029E-01   0.140906E+05
   0.445858E-01   0.138287E+05
   0.454865E-01   0.135765E+05
   0.464053E-01   0.133344E+05
   0.473428E-01   0.131025E+05
   0.482992E-01   0.128810E+05
   0.492749E-01   0.126695E+05
   0.502703E-01   0.124678E+05
   0.512858E-01   0.122756E+05
   0.523219E-01   0.120924E+05
   0.533789E-01   0.119176E+05
   0.544572E-01   0.117502E+05
   0.555573E-01   0.115893E+05
   0.566796E-01   0.114339E+05
   0.578246E-01   0.112828E+05
   0.589927E-01   0.111344E+05
   0.601845E-01   0.109875E+05
   0.614003E-01   0.108407E+05
   0.626407E-01   0.106921E+05
   0.639061E-01   0.105404E+05
   0.651971E-01   0.103839E+05
   0.665142E-01   0.102211E+05
   0.678578E-01   0.100508E+05
   0.692287E-01   0.987163E+04
   0.706272E-01   0.968263E+04
   0.720539E-01   0.948313E+04
   0.735095E-01   0.927257E+04
   0.749945E-01   0.905090E+04
   0.765095E-01   0.881858E+04
   0.780551E-01   0.857621E+04
   0.796319E-01   0.832501E+04
   0.812406E-01   0.806666E+04
   0.828817E-01   0.780290E+04
   0.845561E-01   0.753610E+04
   0.862642E-01   0.726872E+04
   0.880068E-01   0.700331E+04
   0.897847E-01   0.674270E+04
   0.915985E-01   0.648949E+04
   0.934489E-01   0.624627E+04
   0.953367E-01   0.601543E+04
   0.972626E-01   0.579890E+04
   0.992274E-01   0.559817E+04
   0.101232E+00   0.541441E+04
   0.103277E+00   0.524823E+04
   0.105363E+00   0.509934E+04
   0.107492E+00   0.496733E+04
   0.109663E+00   0.485080E+04
   0.111879E+00   0.474779E+04
   0.114139E+00   0.465606E+04
   0.116445E+00   0.457249E+04
   0.118797E+00   0.449397E+04
   0.121197E+00   0.441697E+04
   0.123645E+00   0.433800E+04
   0.126143E+00   0.425387E+04
   0.128691E+00   0.416174E+04
   0.131291E+00   0.405960E+04
   0.133943E+00   0.394629E+04
   0.136649E+00   0.382172E+04
   0.139409E+00   0.368698E+04
   0.142226E+00   0.354414E+04
   0.145099E+00   0.339624E+04
   0.148030E+00   0.324692E+04
   0.151020E+00   0.310008E+04
   0.154071E+00   0.295957E+04
   0.157184E+00   0.282879E+04
   0.160359E+00   0.271033E+04
   0.163598E+00   0.260582E+04
   0.166903E+00   0.251574E+04
   0.170275E+00   0.243932E+04
   0.173715E+00   0.237475E+04
   0.177224E+00   0.231914E+04
   0.180804E+00   0.226895E+04
   0.184457E+00   0.222033E+04
   0.188183E+00   0.216953E+04
   0.191985E+00   0.211352E+04
   0.195863E+00   0.205029E+04
   0.199820E+00   0.197932E+04
   0.203856E+00   0.190159E+04
   0.207974E+00   0.181940E+04
   0.212176E+00   0.173598E+04
   0.216462E+00   0.165489E+04
   0.220835E+00   0.157935E+04
   0.225296E+00   0.151175E+04
   0.229847E+00   0.145321E+04
   0.234490E+00   0.140348E+04
   0.239227E+00   0.136100E+04
   0.244060E+00   0.132320E+04
   0.248990E+00   0.128710E+04
   0.254020E+00   0.124986E+04
   0.259152E+00   0.120947E+04
   0.264387E+00   0.116515E+04
   0.269728E+00   0.111753E+04
   0.275177E+00   0.106839E+04
   0.280736E+00   0.102009E+04
   0.286407E+00   0.974884E+03
   0.292193E+00   0.934293E+03
   0.298096E+00   0.898740E+03
   0.304118E+00   0.867499E+03
   0.310261E+00   0.838990E+03
   0.316529E+00   0.811326E+03
   0.322923E+00   0.782938E+03
   0.329447E+00   0.753083E+03
   0.336102E+00   0.722020E+03
   0.342892E+00   0.690810E+03
   0.349819E+00   0.660807E+03
   0.356885E+00   0.633084E+03
   0.364095E+00   0.608020E+03
   0.371450E+00   0.585216E+03
   0.378954E+00   0.563752E+03
   0.386609E+00   0.542649E+03
   0.394419E+00   0.521313E+03
   0.402387E+00   0.499759E+03
   0.410516E+00   0.478506E+03
   0.418809E+00   0.458215E+03
   0.427269E+00   0.439304E+03
   0.435901E+00   0.421752E+03
   0.444706E+00   0.405162E+03
   0.453690E+00   0.389053E+03
   0.462855E+00   0.373144E+03
   0.472206E+00   0.357484E+03
   0.481745E+00   0.342340E+03
   0.491477E+00   0.327965E+03
   0.501405E+00   0.314409E+03
   0.511534E+00   0.301516E+03
   0.521868E+00   0.289068E+03
   0.532411E+00   0.276949E+03
   0.543166E+00   0.265198E+03
   0.554139E+00   0.253927E+03
   0.565333E+00   0.243196E+03
   0.576753E+00   0.232959E+03
   0.588404E+00   0.223122E+03
   0.600291E+00   0.213623E+03
   0.612418E+00   0.204470E+03
   0.624789E+00   0.195697E+03
   0.637411E+00   0.187304E+03
   0.650288E+00   0.179264E+03
   0.663424E+00   0.171554E+03
   0.676826E+00   0.164154E+03
   0.690499E+00   0.157051E+03
   0.704448E+00   0.150235E+03
   0.718679E+00   0.143699E+03
   0.733197E+00   0.137435E+03
   0.748009E+00   0.131433E+03
   0.763119E+00   0.125681E+03
   0.778536E+00   0.120169E+03
   0.794263E+00   0.114888E+03
   0.810308E+00   0.109827E+03
   0.826677E+00   0.104980E+03
   0.843378E+00   0.100337E+03
   0.860415E+00   0.958902E+02
   0.877797E+00   0.916321E+02
   0.895529E+00   0.875552E+02
   0.913620E+00   0.836523E+02
   0.932076E+00   0.799163E+02
   0.950906E+00   0.763404E+02
   0.970115E+00   0.729182E+02
   0.989713E+00   0.696433E+02
   0.100971E+01   0.665097E+02
   0.103010E+01   0.635114E+02
   0.105091E+01   0.606430E+02
   0.107214E+01   0.578991E+02
   0.109380E+01   0.552747E+02
   0.111590E+01   0.527648E+02
   0.113844E+01   0.503649E+02
   0.116144E+01   0.480704E+02
   0.118490E+01   0.458766E+02
   0.120884E+01   0.437795E+02
   0.123326E+01   0.417749E+02
   0.125817E+01   0.398589E+02
   0.128359E+01   0.380280E+02
   0.130952E+01   0.362784E+02
   0.133597E+01   0.346067E+02
   0.136296E+01   0.330096E+02
   0.139049E+01   0.314840E+02
   0.141858E+01   0.300268E+02
   0.144724E+01   0.286351E+02
   0.147648E+01   0.273060E+02
   0.150630E+01   0.260366E+02
   0.153673E+01   0.248245E+02
   0.156778E+01   0.236670E+02
   0.159945E+01   0.225617E+02
   0.163176E+01   0.215064E+02
   0.166472E+01   0.204989E+02
   0.169835E+01   0.195369E+02
   0.173266E+01   0.186186E+02
   0.176766E+01   0.177419E+02
   0.180337E+01   0.169054E+02
   0.183980E+01   0.161072E+02
   0.187697E+01   0.153458E+02
   0.191489E+01   0.146197E+02
   0.195357E+01   0.139274E+02
   0.199304E+01   0.132675E+02
   0.203330E+01   0.126386E+02
   0.207437E+01   0.120393E+02
