#           k/h    P           
   0.100000E-03   0.336581E+03
   0.102020E-03   0.343149E+03
   0.104081E-03   0.349847E+03
   0.106184E-03   0.356675E+03
   0.108329E-03   0.363638E+03
   0.110517E-03   0.370736E+03
   0.112750E-03   0.377974E+03
   0.115027E-03   0.385354E+03
   0.117351E-03   0.392878E+03
   0.119722E-03   0.400550E+03
   0.122140E-03   0.408373E+03
   0.124608E-03   0.416348E+03
   0.127125E-03   0.424481E+03
   0.129693E-03   0.432773E+03
   0.132313E-03   0.441228E+03
   0.134986E-03   0.449849E+03
   0.137713E-03   0.458639E+03
   0.140495E-03   0.467602E+03
   0.143333E-03   0.476741E+03
   0.146228E-03   0.486060E+03
   0.149182E-03   0.495563E+03
   0.152196E-03   0.505252E+03
   0.155271E-03   0.515132E+03
   0.158407E-03   0.525207E+03
   0.161607E-03   0.535480E+03
   0.164872E-03   0.545956E+03
   0.168203E-03   0.556638E+03
   0.171601E-03   0.567531E+03
   0.175067E-03   0.578639E+03
   0.178604E-03   0.589967E+03
   0.182212E-03   0.601518E+03
   0.185893E-03   0.613298E+03
   0.189648E-03   0.625310E+03
   0.193479E-03   0.637560E+03
   0.197388E-03   0.650053E+03
   0.201375E-03   0.662793E+03
   0.205443E-03   0.675785E+03
   0.209594E-03   0.689036E+03
   0.213828E-03   0.702549E+03
   0.218147E-03   0.716330E+03
   0.222554E-03   0.730385E+03
   0.227050E-03   0.744720E+03
   0.231637E-03   0.759340E+03
   0.236316E-03   0.774251E+03
   0.241090E-03   0.789458E+03
   0.245960E-03   0.804970E+03
   0.250929E-03   0.820790E+03
   0.255998E-03   0.836926E+03
   0.261170E-03   0.853385E+03
   0.266446E-03   0.870172E+03
   0.271828E-03   0.887296E+03
   0.277319E-03   0.904763E+03
   0.282922E-03   0.922579E+03
   0.288637E-03   0.940753E+03
   0.294468E-03   0.959292E+03
   0.300417E-03   0.978203E+03
   0.306485E-03   0.997494E+03
   0.312677E-03   0.101717E+04
   0.318993E-03   0.103725E+04
   0.325437E-03   0.105773E+04
   0.332012E-03   0.107862E+04
   0.338719E-03   0.109994E+04
   0.345561E-03   0.112169E+04
   0.352542E-03   0.114387E+04
   0.359664E-03   0.116651E+04
   0.366930E-03   0.118960E+04
   0.374342E-03   0.121316E+04
   0.381904E-03   0.123720E+04
   0.389619E-03   0.126173E+04
   0.397490E-03   0.128675E+04
   0.405520E-03   0.131229E+04
   0.413712E-03   0.133834E+04
   0.422070E-03   0.136492E+04
   0.430596E-03   0.139205E+04
   0.439295E-03   0.141972E+04
   0.448169E-03   0.144797E+04
   0.457222E-03   0.147678E+04
   0.466459E-03   0.150619E+04
   0.475882E-03   0.153619E+04
   0.485496E-03   0.156680E+04
   0.495303E-03   0.159804E+04
   0.505309E-03   0.162992E+04
   0.515517E-03   0.166245E+04
   0.525931E-03   0.169563E+04
   0.536556E-03   0.172950E+04
   0.547395E-03   0.176405E+04
   0.558453E-03   0.179931E+04
   0.569734E-03   0.183528E+04
   0.581244E-03   0.187199E+04
   0.592986E-03   0.190943E+04
   0.604965E-03   0.194764E+04
   0.617186E-03   0.198661E+04
   0.629654E-03   0.202638E+04
   0.642374E-03   0.206694E+04
   0.655350E-03   0.210832E+04
   0.668589E-03   0.215052E+04
   0.682096E-03   0.219357E+04
   0.695875E-03   0.223748E+04
   0.709933E-03   0.228226E+04
   0.724274E-03   0.232792E+04
   0.738906E-03   0.237449E+04
   0.753832E-03   0.242197E+04
   0.769061E-03   0.247038E+04
   0.784597E-03   0.251973E+04
   0.800447E-03   0.257004E+04
   0.816617E-03   0.262132E+04
   0.833114E-03   0.267358E+04
   0.849944E-03   0.272684E+04
   0.867114E-03   0.278111E+04
   0.884631E-03   0.283640E+04
   0.902501E-03   0.289273E+04
   0.920733E-03   0.295011E+04
   0.939333E-03   0.300856E+04
   0.958309E-03   0.306807E+04
   0.977668E-03   0.312868E+04
   0.997418E-03   0.319038E+04
   0.101757E-02   0.325320E+04
   0.103812E-02   0.331714E+04
   0.105910E-02   0.338222E+04
   0.108049E-02   0.344844E+04
   0.110232E-02   0.351583E+04
   0.112459E-02   0.358439E+04
   0.114730E-02   0.365414E+04
   0.117048E-02   0.372508E+04
   0.119413E-02   0.379724E+04
   0.121825E-02   0.387062E+04
   0.124286E-02   0.394523E+04
   0.126797E-02   0.402110E+04
   0.129358E-02   0.409822E+04
   0.131971E-02   0.417663E+04
   0.134637E-02   0.425632E+04
   0.137357E-02   0.433732E+04
   0.140132E-02   0.441964E+04
   0.142963E-02   0.450330E+04
   0.145851E-02   0.458830E+04
   0.148797E-02   0.467467E+04
   0.151803E-02   0.476241E+04
   0.154870E-02   0.485155E+04
   0.157998E-02   0.494209E+04
   0.161190E-02   0.503406E+04
   0.164446E-02   0.512747E+04
   0.167768E-02   0.522233E+04
   0.171158E-02   0.531865E+04
   0.174615E-02   0.541646E+04
   0.178143E-02   0.551576E+04
   0.181741E-02   0.561656E+04
   0.185413E-02   0.571889E+04
   0.189158E-02   0.582275E+04
   0.192980E-02   0.592816E+04
   0.196878E-02   0.603512E+04
   0.200855E-02   0.614366E+04
   0.204913E-02   0.625377E+04
   0.209052E-02   0.636547E+04
   0.213276E-02   0.647878E+04
   0.217584E-02   0.659369E+04
   0.221979E-02   0.671022E+04
   0.226464E-02   0.682838E+04
   0.231039E-02   0.694817E+04
   0.235706E-02   0.706961E+04
   0.240467E-02   0.719269E+04
   0.245325E-02   0.731743E+04
   0.250281E-02   0.744383E+04
   0.255337E-02   0.757190E+04
   0.260495E-02   0.770163E+04
   0.265758E-02   0.783303E+04
   0.271126E-02   0.796610E+04
   0.276603E-02   0.810084E+04
   0.282191E-02   0.823724E+04
   0.287892E-02   0.837532E+04
   0.293708E-02   0.851506E+04
   0.299641E-02   0.865646E+04
   0.305694E-02   0.879952E+04
   0.311870E-02   0.894422E+04
   0.318170E-02   0.909056E+04
   0.324597E-02   0.923853E+04
   0.331155E-02   0.938812E+04
   0.337844E-02   0.953931E+04
   0.344669E-02   0.969210E+04
   0.351632E-02   0.984646E+04
   0.358735E-02   0.100024E+05
   0.365982E-02   0.101598E+05
   0.373376E-02   0.103188E+05
   0.380918E-02   0.104793E+05
   0.388613E-02   0.106412E+05
   0.396464E-02   0.108046E+05
   0.404473E-02   0.109694E+05
   0.412644E-02   0.111356E+05
   0.420980E-02   0.113031E+05
   0.429484E-02   0.114719E+05
   0.438160E-02   0.116420E+05
   0.447012E-02   0.118134E+05
   0.456042E-02   0.119859E+05
   0.465255E-02   0.121596E+05
   0.474653E-02   0.123344E+05
   0.484242E-02   0.125102E+05
   0.494024E-02   0.126870E+05
   0.504004E-02   0.128648E+05
   0.514186E-02   0.130435E+05
   0.524573E-02   0.132229E+05
   0.535170E-02   0.134031E+05
   0.545981E-02   0.135841E+05
   0.557011E-02   0.137656E+05
   0.568263E-02   0.139477E+05
   0.579743E-02   0.141302E+05
   0.591455E-02   0.143131E+05
   0.603403E-02   0.144964E+05
   0.615592E-02   0.146798E+05
   0.628028E-02   0.148634E+05
   0.640715E-02   0.150470E+05
   0.653658E-02   0.152305E+05
   0.666863E-02   0.154138E+05
   0.680335E-02   0.155969E+05
   0.694078E-02   0.157796E+05
   0.708100E-02   0.159618E+05
   0.722404E-02   0.161433E+05
   0.736998E-02   0.163242E+05
   0.751886E-02   0.165041E+05
   0.767075E-02   0.166831E+05
   0.782571E-02   0.168609E+05
   0.798380E-02   0.170375E+05
   0.814509E-02   0.172127E+05
   0.830963E-02   0.173863E+05
   0.847750E-02   0.175581E+05
   0.864875E-02   0.177282E+05
   0.882347E-02   0.178962E+05
   0.900171E-02   0.180620E+05
   0.918356E-02   0.182254E+05
   0.936908E-02   0.183864E+05
   0.955835E-02   0.185446E+05
   0.975144E-02   0.186999E+05
   0.994843E-02   0.188522E+05
   0.101494E-01   0.190012E+05
   0.103544E-01   0.191467E+05
   0.105636E-01   0.192886E+05
   0.107770E-01   0.194266E+05
   0.109947E-01   0.195605E+05
   0.112168E-01   0.196902E+05
   0.114434E-01   0.198154E+05
   0.116746E-01   0.199358E+05
   0.119104E-01   0.200514E+05
   0.121510E-01   0.201618E+05
   0.123965E-01   0.202668E+05
   0.126469E-01   0.203662E+05
   0.129024E-01   0.204598E+05
   0.131631E-01   0.205473E+05
   0.134290E-01   0.206285E+05
   0.137003E-01   0.207032E+05
   0.139770E-01   0.207711E+05
   0.142594E-01   0.208321E+05
   0.145474E-01   0.208858E+05
   0.148413E-01   0.209321E+05
   0.151411E-01   0.209706E+05
   0.154470E-01   0.210013E+05
   0.157590E-01   0.210239E+05
   0.160774E-01   0.210382E+05
   0.164022E-01   0.210439E+05
   0.167335E-01   0.210409E+05
   0.170716E-01   0.210290E+05
   0.174164E-01   0.210079E+05
   0.177683E-01   0.209776E+05
   0.181272E-01   0.209378E+05
   0.184934E-01   0.208885E+05
   0.188670E-01   0.208295E+05
   0.192481E-01   0.207606E+05
   0.196370E-01   0.206818E+05
   0.200337E-01   0.205931E+05
   0.204384E-01   0.204943E+05
   0.208513E-01   0.203854E+05
   0.212725E-01   0.202664E+05
   0.217022E-01   0.201374E+05
   0.221406E-01   0.199983E+05
   0.225879E-01   0.198493E+05
   0.230442E-01   0.196905E+05
   0.235097E-01   0.195219E+05
   0.239847E-01   0.193438E+05
   0.244692E-01   0.191564E+05
   0.249635E-01   0.189599E+05
   0.254678E-01   0.187547E+05
   0.259823E-01   0.185409E+05
   0.265072E-01   0.183190E+05
   0.270426E-01   0.180893E+05
   0.275889E-01   0.178524E+05
   0.281463E-01   0.176086E+05
   0.287149E-01   0.173585E+05
   0.292949E-01   0.171026E+05
   0.298867E-01   0.168415E+05
   0.304905E-01   0.165757E+05
   0.311064E-01   0.163061E+05
   0.317348E-01   0.160332E+05
   0.323759E-01   0.157577E+05
   0.330299E-01   0.154802E+05
   0.336972E-01   0.152017E+05
   0.343779E-01   0.149228E+05
   0.350724E-01   0.146443E+05
   0.357809E-01   0.143669E+05
   0.365038E-01   0.140914E+05
   0.372412E-01   0.138186E+05
   0.379935E-01   0.135492E+05
   0.387610E-01   0.132839E+05
   0.395440E-01   0.130234E+05
   0.403429E-01   0.127683E+05
   0.411579E-01   0.125193E+05
   0.419893E-01   0.122770E+05
   0.428375E-01   0.120418E+05
   0.437029E-01   0.118143E+05
   0.445858E-01   0.115947E+05
   0.454865E-01   0.113832E+05
   0.464053E-01   0.111802E+05
   0.473428E-01   0.109858E+05
   0.482992E-01   0.108001E+05
   0.492749E-01   0.106228E+05
   0.502703E-01   0.104537E+05
   0.512858E-01   0.102925E+05
   0.523219E-01   0.101389E+05
   0.533789E-01   0.999237E+04
   0.544572E-01   0.985199E+04
   0.555573E-01   0.971704E+04
   0.566796E-01   0.958676E+04
   0.578246E-01   0.946005E+04
   0.589927E-01   0.933569E+04
   0.601845E-01   0.921252E+04
   0.614003E-01   0.908937E+04
   0.626407E-01   0.896484E+04
   0.639061E-01   0.883760E+04
   0.651971E-01   0.870637E+04
   0.665142E-01   0.856992E+04
   0.678578E-01   0.842710E+04
   0.692287E-01   0.827688E+04
   0.706272E-01   0.811842E+04
   0.720539E-01   0.795114E+04
   0.735095E-01   0.777460E+04
   0.749945E-01   0.758873E+04
   0.765095E-01   0.739394E+04
   0.780551E-01   0.719073E+04
   0.796319E-01   0.698011E+04
   0.812406E-01   0.676350E+04
   0.828817E-01   0.654235E+04
   0.845561E-01   0.631865E+04
   0.862642E-01   0.609447E+04
   0.880068E-01   0.587193E+04
   0.897847E-01   0.565343E+04
   0.915985E-01   0.544112E+04
   0.934489E-01   0.523719E+04
   0.953367E-01   0.504364E+04
   0.972626E-01   0.486209E+04
   0.992274E-01   0.469379E+04
   0.101232E+00   0.453971E+04
   0.103277E+00   0.440038E+04
   0.105363E+00   0.427555E+04
   0.107492E+00   0.416486E+04
   0.109663E+00   0.406716E+04
   0.111879E+00   0.398078E+04
   0.114139E+00   0.390387E+04
   0.116445E+00   0.383381E+04
   0.118797E+00   0.376797E+04
   0.121197E+00   0.370341E+04
   0.123645E+00   0.363720E+04
   0.126143E+00   0.356666E+04
   0.128691E+00   0.348941E+04
   0.131291E+00   0.340377E+04
   0.133943E+00   0.330877E+04
   0.136649E+00   0.320433E+04
   0.139409E+00   0.309135E+04
   0.142226E+00   0.297159E+04
   0.145099E+00   0.284758E+04
   0.148030E+00   0.272238E+04
   0.151020E+00   0.259926E+04
   0.154071E+00   0.248146E+04
   0.157184E+00   0.237180E+04
   0.160359E+00   0.227247E+04
   0.163598E+00   0.218485E+04
   0.166903E+00   0.210932E+04
   0.170275E+00   0.204525E+04
   0.173715E+00   0.199111E+04
   0.177224E+00   0.194448E+04
   0.180804E+00   0.190240E+04
   0.184457E+00   0.186164E+04
   0.188183E+00   0.181905E+04
   0.191985E+00   0.177208E+04
   0.195863E+00   0.171907E+04
   0.199820E+00   0.165956E+04
   0.203856E+00   0.159439E+04
   0.207974E+00   0.152548E+04
   0.212176E+00   0.145554E+04
   0.216462E+00   0.138754E+04
   0.220835E+00   0.132421E+04
   0.225296E+00   0.126753E+04
   0.229847E+00   0.121845E+04
   0.234490E+00   0.117675E+04
   0.239227E+00   0.114113E+04
   0.244060E+00   0.110944E+04
   0.248990E+00   0.107917E+04
   0.254020E+00   0.104795E+04
   0.259152E+00   0.101408E+04
   0.264387E+00   0.976918E+03
   0.269728E+00   0.936996E+03
   0.275177E+00   0.895796E+03
   0.280736E+00   0.855297E+03
   0.286407E+00   0.817392E+03
   0.292193E+00   0.783358E+03
   0.298096E+00   0.753549E+03
   0.304118E+00   0.727355E+03
   0.310261E+00   0.703452E+03
   0.316529E+00   0.680256E+03
   0.322923E+00   0.656455E+03
   0.329447E+00   0.631423E+03
   0.336102E+00   0.605378E+03
   0.342892E+00   0.579209E+03
   0.349819E+00   0.554054E+03
   0.356885E+00   0.530810E+03
   0.364095E+00   0.509795E+03
   0.371450E+00   0.490675E+03
   0.378954E+00   0.472678E+03
   0.386609E+00   0.454984E+03
   0.394419E+00   0.437095E+03
   0.402387E+00   0.419023E+03
   0.410516E+00   0.401204E+03
   0.418809E+00   0.384190E+03
   0.427269E+00   0.368335E+03
   0.435901E+00   0.353618E+03
   0.444706E+00   0.339708E+03
   0.453690E+00   0.326201E+03
   0.462855E+00   0.312862E+03
   0.472206E+00   0.299732E+03
   0.481745E+00   0.287035E+03
   0.491477E+00   0.274982E+03
   0.501405E+00   0.263616E+03
   0.511534E+00   0.252806E+03
   0.521868E+00   0.242369E+03
   0.532411E+00   0.232208E+03
   0.543166E+00   0.222356E+03
   0.554139E+00   0.212905E+03
   0.565333E+00   0.203908E+03
   0.576753E+00   0.195325E+03
   0.588404E+00   0.187077E+03
   0.600291E+00   0.179112E+03
   0.612418E+00   0.171438E+03
   0.624789E+00   0.164083E+03
   0.637411E+00   0.157045E+03
   0.650288E+00   0.150304E+03
   0.663424E+00   0.143839E+03
   0.676826E+00   0.137635E+03
   0.690499E+00   0.131679E+03
   0.704448E+00   0.125965E+03
   0.718679E+00   0.120485E+03
   0.733197E+00   0.115232E+03
   0.748009E+00   0.110200E+03
   0.763119E+00   0.105377E+03
   0.778536E+00   0.100756E+03
   0.794263E+00   0.963275E+02
   0.810308E+00   0.920848E+02
   0.826677E+00   0.880205E+02
   0.843378E+00   0.841275E+02
   0.860415E+00   0.803991E+02
   0.877797E+00   0.768290E+02
   0.895529E+00   0.734107E+02
   0.913620E+00   0.701383E+02
   0.932076E+00   0.670058E+02
   0.950906E+00   0.640077E+02
   0.970115E+00   0.611383E+02
   0.989713E+00   0.583925E+02
   0.100971E+01   0.557651E+02
   0.103010E+01   0.532512E+02
   0.105091E+01   0.508462E+02
   0.107214E+01   0.485455E+02
   0.109380E+01   0.463451E+02
   0.111590E+01   0.442407E+02
   0.113844E+01   0.422285E+02
   0.116144E+01   0.403046E+02
   0.118490E+01   0.384653E+02
   0.120884E+01   0.367069E+02
   0.123326E+01   0.350261E+02
   0.125817E+01   0.334197E+02
   0.128359E+01   0.318845E+02
   0.130952E+01   0.304176E+02
   0.133597E+01   0.290160E+02
   0.136296E+01   0.276769E+02
   0.139049E+01   0.263978E+02
   0.141858E+01   0.251760E+02
   0.144724E+01   0.240091E+02
   0.147648E+01   0.228947E+02
   0.150630E+01   0.218304E+02
   0.153673E+01   0.208141E+02
   0.156778E+01   0.198436E+02
   0.159945E+01   0.189169E+02
   0.163176E+01   0.180321E+02
   0.166472E+01   0.171873E+02
   0.169835E+01   0.163807E+02
   0.173266E+01   0.156107E+02
   0.176766E+01   0.148757E+02
   0.180337E+01   0.141743E+02
   0.183980E+01   0.135051E+02
   0.187697E+01   0.128667E+02
   0.191489E+01   0.122579E+02
   0.195357E+01   0.116775E+02
   0.199304E+01   0.111242E+02
   0.203330E+01   0.105968E+02
   0.207437E+01   0.100944E+02
