#          k/h    CDM            baryon         photon         nu             mass_nu        total          no_nu          total_de       Weyl           v_CDM          v_b            v_b-v_c     
   0.103826E-04   0.192117E+08   0.192117E+08   0.256017E+08   0.256014E+08   0.000000E+00   0.192117E+08   0.192117E+08   0.192194E+08  -0.475088E+00   0.102428E+08   0.102428E+08   0.532585E+01
   0.114639E-04   0.192117E+08   0.192117E+08   0.255987E+08   0.255983E+08   0.000000E+00   0.192117E+08   0.192117E+08   0.192194E+08  -0.475089E+00   0.102428E+08   0.102428E+08   0.588029E+01
   0.126578E-04   0.192117E+08   0.192117E+08   0.255950E+08   0.255946E+08   0.000000E+00   0.192117E+08   0.192117E+08   0.192194E+08  -0.475091E+00   0.102428E+08   0.102428E+08   0.649242E+01
   0.139760E-04   0.192118E+08   0.192118E+08   0.255906E+08   0.255900E+08   0.000000E+00   0.192118E+08   0.192118E+08   0.192194E+08  -0.475093E+00   0.102428E+08   0.102428E+08   0.716820E+01
   0.154315E-04   0.192118E+08   0.192118E+08   0.255851E+08   0.255844E+08   0.000000E+00   0.192118E+08   0.192118E+08   0.192195E+08  -0.475096E+00   0.102428E+08   0.102428E+08   0.791423E+01
   0.170386E-04   0.192118E+08   0.192118E+08   0.255785E+08   0.255776E+08   0.000000E+00   0.192118E+08   0.192118E+08   0.192195E+08  -0.475099E+00   0.102428E+08   0.102428E+08   0.873779E+01
   0.188130E-04   0.192119E+08   0.192119E+08   0.255704E+08   0.255694E+08   0.000000E+00   0.192119E+08   0.192119E+08   0.192196E+08  -0.475103E+00   0.102429E+08   0.102429E+08   0.964689E+01
   0.207723E-04   0.192120E+08   0.192120E+08   0.255605E+08   0.255593E+08   0.000000E+00   0.192120E+08   0.192120E+08   0.192196E+08  -0.475107E+00   0.102429E+08   0.102429E+08   0.106504E+02
   0.229355E-04   0.192120E+08   0.192120E+08   0.255485E+08   0.255470E+08   0.000000E+00   0.192120E+08   0.192120E+08   0.192197E+08  -0.475113E+00   0.102429E+08   0.102429E+08   0.117579E+02
   0.253241E-04   0.192121E+08   0.192121E+08   0.255338E+08   0.255320E+08   0.000000E+00   0.192121E+08   0.192121E+08   0.192198E+08  -0.475120E+00   0.102430E+08   0.102430E+08   0.129803E+02
   0.279614E-04   0.192123E+08   0.192122E+08   0.255159E+08   0.255137E+08   0.000000E+00   0.192123E+08   0.192123E+08   0.192199E+08  -0.475128E+00   0.102430E+08   0.102430E+08   0.143292E+02
   0.308734E-04   0.192124E+08   0.192124E+08   0.254942E+08   0.254915E+08   0.000000E+00   0.192124E+08   0.192124E+08   0.192201E+08  -0.475139E+00   0.102431E+08   0.102431E+08   0.158177E+02
   0.340887E-04   0.192126E+08   0.192126E+08   0.254677E+08   0.254644E+08   0.000000E+00   0.192126E+08   0.192126E+08   0.192202E+08  -0.475151E+00   0.102431E+08   0.102431E+08   0.174598E+02
   0.376387E-04   0.192128E+08   0.192128E+08   0.254354E+08   0.254314E+08   0.000000E+00   0.192128E+08   0.192128E+08   0.192204E+08  -0.475166E+00   0.102432E+08   0.102432E+08   0.192711E+02
   0.415585E-04   0.192131E+08   0.192130E+08   0.253961E+08   0.253913E+08   0.000000E+00   0.192131E+08   0.192131E+08   0.192207E+08  -0.475185E+00   0.102433E+08   0.102433E+08   0.212686E+02
   0.458865E-04   0.192134E+08   0.192134E+08   0.253483E+08   0.253424E+08   0.000000E+00   0.192134E+08   0.192134E+08   0.192210E+08  -0.475208E+00   0.102435E+08   0.102435E+08   0.234710E+02
   0.506653E-04   0.192138E+08   0.192138E+08   0.252900E+08   0.252829E+08   0.000000E+00   0.192138E+08   0.192138E+08   0.192214E+08  -0.475235E+00   0.102436E+08   0.102436E+08   0.258983E+02
   0.559417E-04   0.192142E+08   0.192142E+08   0.252192E+08   0.252105E+08   0.000000E+00   0.192142E+08   0.192142E+08   0.192218E+08  -0.475269E+00   0.102438E+08   0.102438E+08   0.285725E+02
   0.617676E-04   0.192148E+08   0.192148E+08   0.251332E+08   0.251226E+08   0.000000E+00   0.192148E+08   0.192148E+08   0.192224E+08  -0.475309E+00   0.102440E+08   0.102440E+08   0.315174E+02
   0.682003E-04   0.192155E+08   0.192155E+08   0.250286E+08   0.250157E+08   0.000000E+00   0.192155E+08   0.192155E+08   0.192230E+08  -0.475359E+00   0.102443E+08   0.102443E+08   0.347583E+02
   0.753028E-04   0.192164E+08   0.192164E+08   0.249016E+08   0.248860E+08   0.000000E+00   0.192164E+08   0.192164E+08   0.192239E+08  -0.475419E+00   0.102447E+08   0.102447E+08   0.383226E+02
   0.831451E-04   0.192174E+08   0.192174E+08   0.247476E+08   0.247287E+08   0.000000E+00   0.192174E+08   0.192174E+08   0.192249E+08  -0.475492E+00   0.102451E+08   0.102451E+08   0.422390E+02
   0.918040E-04   0.192187E+08   0.192187E+08   0.245611E+08   0.245381E+08   0.000000E+00   0.192187E+08   0.192187E+08   0.192261E+08  -0.475581E+00   0.102456E+08   0.102456E+08   0.465377E+02
   0.101365E-03   0.192202E+08   0.192202E+08   0.243354E+08   0.243075E+08   0.000000E+00   0.192202E+08   0.192202E+08   0.192275E+08  -0.475689E+00   0.102462E+08   0.102462E+08   0.512499E+02
   0.111921E-03   0.192221E+08   0.192221E+08   0.240628E+08   0.240291E+08   0.000000E+00   0.192221E+08   0.192221E+08   0.192293E+08  -0.475819E+00   0.102470E+08   0.102470E+08   0.564070E+02
   0.123577E-03   0.192244E+08   0.192243E+08   0.237342E+08   0.236936E+08   0.000000E+00   0.192244E+08   0.192244E+08   0.192315E+08  -0.475976E+00   0.102479E+08   0.102479E+08   0.620399E+02
   0.136446E-03   0.192271E+08   0.192270E+08   0.233391E+08   0.232902E+08   0.000000E+00   0.192271E+08   0.192271E+08   0.192341E+08  -0.476166E+00   0.102490E+08   0.102490E+08   0.681778E+02
   0.150656E-03   0.192304E+08   0.192304E+08   0.228656E+08   0.228069E+08   0.000000E+00   0.192304E+08   0.192304E+08   0.192373E+08  -0.476394E+00   0.102503E+08   0.102503E+08   0.748461E+02
   0.166346E-03   0.192345E+08   0.192343E+08   0.223002E+08   0.222299E+08   0.000000E+00   0.192344E+08   0.192344E+08   0.192411E+08  -0.476668E+00   0.102519E+08   0.102518E+08   0.820643E+02
   0.183670E-03   0.192393E+08   0.192391E+08   0.216281E+08   0.215444E+08   0.000000E+00   0.192393E+08   0.192393E+08   0.192457E+08  -0.476996E+00   0.102538E+08   0.102537E+08   0.898429E+02
   0.202798E-03   0.192451E+08   0.192449E+08   0.208338E+08   0.207347E+08   0.000000E+00   0.192450E+08   0.192450E+08   0.192513E+08  -0.477386E+00   0.102560E+08   0.102560E+08   0.981790E+02
   0.223918E-03   0.192520E+08   0.192518E+08   0.199016E+08   0.197848E+08   0.000000E+00   0.192520E+08   0.192520E+08   0.192579E+08  -0.477848E+00   0.102587E+08   0.102586E+08   0.107051E+03
   0.247237E-03   0.192603E+08   0.192600E+08   0.188169E+08   0.186804E+08   0.000000E+00   0.192602E+08   0.192602E+08   0.192658E+08  -0.478391E+00   0.102619E+08   0.102618E+08   0.116413E+03
   0.272985E-03   0.192700E+08   0.192697E+08   0.175681E+08   0.174101E+08   0.000000E+00   0.192700E+08   0.192700E+08   0.192753E+08  -0.479026E+00   0.102655E+08   0.102654E+08   0.126187E+03
   0.301414E-03   0.192816E+08   0.192812E+08   0.161490E+08   0.159683E+08   0.000000E+00   0.192815E+08   0.192815E+08   0.192863E+08  -0.479759E+00   0.102698E+08   0.102697E+08   0.136251E+03
   0.332804E-03   0.192951E+08   0.192946E+08   0.145626E+08   0.143589E+08   0.000000E+00   0.192950E+08   0.192950E+08   0.192993E+08  -0.480595E+00   0.102747E+08   0.102745E+08   0.146438E+03
   0.367463E-03   0.193107E+08   0.193101E+08   0.128250E+08   0.125995E+08   0.000000E+00   0.193106E+08   0.193106E+08   0.193144E+08  -0.481534E+00   0.102801E+08   0.102800E+08   0.156517E+03
   0.405732E-03   0.193285E+08   0.193279E+08   0.109699E+08   0.107259E+08   0.000000E+00   0.193284E+08   0.193284E+08   0.193317E+08  -0.482568E+00   0.102862E+08   0.102860E+08   0.166194E+03
   0.447986E-03   0.193487E+08   0.193480E+08   0.905281E+07   0.879611E+07   0.000000E+00   0.193486E+08   0.193486E+08   0.193512E+08  -0.483678E+00   0.102926E+08   0.102924E+08   0.175110E+03
   0.494640E-03   0.193710E+08   0.193701E+08   0.715231E+07   0.689186E+07   0.000000E+00   0.193708E+08   0.193708E+08   0.193730E+08  -0.484831E+00   0.102993E+08   0.102990E+08   0.182843E+03
   0.546154E-03   0.193951E+08   0.193941E+08   0.536741E+07   0.511512E+07   0.000000E+00   0.193949E+08   0.193949E+08   0.193965E+08  -0.485976E+00   0.103059E+08   0.103055E+08   0.188935E+03
   0.603031E-03   0.194204E+08   0.194192E+08   0.380686E+07   0.357684E+07   0.000000E+00   0.194202E+08   0.194202E+08   0.194213E+08  -0.487046E+00   0.103118E+08   0.103115E+08   0.192924E+03
   0.665833E-03   0.194458E+08   0.194445E+08   0.256879E+07   0.237547E+07   0.000000E+00   0.194456E+08   0.194456E+08   0.194464E+08  -0.487957E+00   0.103165E+08   0.103161E+08   0.194394E+03
   0.735174E-03   0.194701E+08   0.194686E+08   0.171167E+07   0.156677E+07   0.000000E+00   0.194699E+08   0.194699E+08   0.194704E+08  -0.488618E+00   0.103192E+08   0.103188E+08   0.193051E+03
   0.811737E-03   0.194915E+08   0.194898E+08   0.122412E+07   0.113294E+07   0.000000E+00   0.194912E+08   0.194912E+08   0.194916E+08  -0.488943E+00   0.103190E+08   0.103186E+08   0.188777E+03
   0.896274E-03   0.195079E+08   0.195060E+08   0.101004E+07   0.968438E+06   0.000000E+00   0.195076E+08   0.195076E+08   0.195079E+08  -0.488873E+00   0.103152E+08   0.103147E+08   0.181682E+03
   0.989614E-03   0.195171E+08   0.195152E+08   0.910967E+06   0.905116E+06   0.000000E+00   0.195168E+08   0.195168E+08   0.195171E+08  -0.488390E+00   0.103069E+08   0.103064E+08   0.172103E+03
   0.109267E-02   0.195174E+08   0.195153E+08   0.776298E+06   0.786802E+06   0.000000E+00   0.195170E+08   0.195170E+08   0.195173E+08  -0.487525E+00   0.102939E+08   0.102934E+08   0.160543E+03
   0.120647E-02   0.195071E+08   0.195049E+08   0.554317E+06   0.563896E+06   0.000000E+00   0.195068E+08   0.195068E+08   0.195069E+08  -0.486348E+00   0.102761E+08   0.102755E+08   0.147592E+03
   0.133211E-02   0.194854E+08   0.194832E+08   0.326714E+06   0.326908E+06   0.000000E+00   0.194850E+08   0.194850E+08   0.194851E+08  -0.484932E+00   0.102534E+08   0.102529E+08   0.133868E+03
   0.147084E-02   0.194519E+08   0.194496E+08   0.213915E+06   0.205411E+06   0.000000E+00   0.194515E+08   0.194515E+08   0.194516E+08  -0.483313E+00   0.102260E+08   0.102255E+08   0.120018E+03
   0.162402E-02   0.194064E+08   0.194041E+08   0.211768E+06   0.199079E+06   0.000000E+00   0.194060E+08   0.194060E+08   0.194061E+08  -0.481488E+00   0.101938E+08   0.101933E+08   0.106755E+03
   0.179315E-02   0.193487E+08   0.193464E+08   0.184954E+06   0.173220E+06   0.000000E+00   0.193483E+08   0.193483E+08   0.193484E+08  -0.479432E+00   0.101566E+08   0.101561E+08   0.947629E+02
   0.197989E-02   0.192784E+08   0.192761E+08   0.925971E+05   0.874749E+05   0.000000E+00   0.192780E+08   0.192780E+08   0.192781E+08  -0.477136E+00   0.101138E+08   0.101133E+08   0.844704E+02
   0.218609E-02   0.191949E+08   0.191925E+08   0.544993E+05   0.555804E+05   0.000000E+00   0.191945E+08   0.191945E+08   0.191945E+08  -0.474594E+00   0.100650E+08   0.100645E+08   0.759063E+02
   0.241375E-02   0.190974E+08   0.190949E+08   0.631648E+05   0.616468E+05   0.000000E+00   0.190970E+08   0.190970E+08   0.190970E+08  -0.471782E+00   0.100098E+08   0.100093E+08   0.687909E+02
   0.266512E-02   0.189852E+08   0.189825E+08   0.284957E+05   0.231065E+05   0.000000E+00   0.189847E+08   0.189847E+08   0.189847E+08  -0.468667E+00   0.994754E+07   0.994704E+07   0.626422E+02
   0.294268E-02   0.188571E+08   0.188543E+08   0.284321E+05   0.225356E+05   0.000000E+00   0.188567E+08   0.188567E+08   0.188567E+08  -0.465222E+00   0.987766E+07   0.987716E+07   0.569175E+02
   0.324914E-02   0.187123E+08   0.187092E+08   0.149647E+05   0.111030E+05   0.000000E+00   0.187118E+08   0.187118E+08   0.187118E+08  -0.461411E+00   0.979948E+07   0.979898E+07   0.513685E+02
   0.358751E-02   0.185494E+08   0.185461E+08   0.740011E+04   0.792110E+04   0.000000E+00   0.185489E+08   0.185489E+08   0.185489E+08  -0.457198E+00   0.971229E+07   0.971180E+07   0.461203E+02
   0.396112E-02   0.183673E+08   0.183637E+08   0.284650E+03   0.522024E+03   0.000000E+00   0.183667E+08   0.183667E+08   0.183667E+08  -0.452546E+00   0.961539E+07   0.961489E+07   0.414768E+02
   0.437364E-02   0.181646E+08   0.181606E+08   0.267476E+04   0.469600E+04   0.000000E+00   0.181639E+08   0.181639E+08   0.181639E+08  -0.447418E+00   0.950801E+07   0.950752E+07   0.375107E+02
   0.482913E-02   0.179400E+08   0.179357E+08  -0.577223E+03   0.185960E+05   0.000000E+00   0.179393E+08   0.179393E+08   0.179393E+08  -0.441777E+00   0.938943E+07   0.938894E+07   0.339504E+02
   0.533204E-02   0.176922E+08   0.176874E+08  -0.791232E+03   0.186889E+05   0.000000E+00   0.176915E+08   0.176915E+08   0.176915E+08  -0.435584E+00   0.925888E+07   0.925840E+07   0.305984E+02
   0.588734E-02   0.174199E+08   0.174144E+08   0.102182E+02   0.175423E+05   0.000000E+00   0.174190E+08   0.174190E+08   0.174190E+08  -0.428803E+00   0.911563E+07   0.911514E+07   0.275971E+02
   0.650046E-02   0.171215E+08   0.171153E+08  -0.117977E+04   0.154632E+05   0.000000E+00   0.171205E+08   0.171205E+08   0.171205E+08  -0.421396E+00   0.895891E+07   0.895842E+07   0.249899E+02
   0.717743E-02   0.167959E+08   0.167887E+08  -0.767108E+03   0.127387E+05   0.000000E+00   0.167947E+08   0.167947E+08   0.167947E+08  -0.413328E+00   0.878799E+07   0.878750E+07   0.226020E+02
   0.792491E-02   0.164415E+08   0.164333E+08  -0.121055E+04   0.100864E+05   0.000000E+00   0.164402E+08   0.164402E+08   0.164402E+08  -0.404562E+00   0.860213E+07   0.860165E+07   0.204796E+02
   0.875023E-02   0.160571E+08   0.160476E+08  -0.184611E+04   0.845644E+04   0.000000E+00   0.160556E+08   0.160556E+08   0.160556E+08  -0.395064E+00   0.840060E+07   0.840012E+07   0.185955E+02
   0.966150E-02   0.156413E+08   0.156303E+08  -0.673713E+03   0.710273E+04   0.000000E+00   0.156395E+08   0.156395E+08   0.156395E+08  -0.384799E+00   0.818270E+07   0.818221E+07   0.169057E+02
   0.106677E-01   0.151927E+08   0.151800E+08  -0.125419E+04   0.531939E+04   0.000000E+00   0.151907E+08   0.151907E+08   0.151907E+08  -0.373733E+00   0.794770E+07   0.794721E+07   0.154252E+02
   0.117786E-01   0.147103E+08   0.146955E+08  -0.897266E+03   0.423281E+04   0.000000E+00   0.147079E+08   0.147079E+08   0.147079E+08  -0.361833E+00   0.769496E+07   0.769446E+07   0.140968E+02
   0.130053E-01   0.141927E+08   0.141755E+08  -0.598683E+03   0.345729E+04   0.000000E+00   0.141899E+08   0.141899E+08   0.141899E+08  -0.349073E+00   0.742386E+07   0.742335E+07   0.129283E+02
   0.143597E-01   0.136391E+08   0.136192E+08  -0.672453E+03   0.267434E+04   0.000000E+00   0.136359E+08   0.136359E+08   0.136359E+08  -0.335427E+00   0.713391E+07   0.713340E+07   0.118893E+02
   0.158552E-01   0.130489E+08   0.130260E+08  -0.667623E+03   0.205606E+04   0.000000E+00   0.130452E+08   0.130452E+08   0.130452E+08  -0.320882E+00   0.682485E+07   0.682433E+07   0.109653E+02
   0.175064E-01   0.124224E+08   0.123961E+08  -0.389831E+03   0.170427E+04   0.000000E+00   0.124182E+08   0.124182E+08   0.124182E+08  -0.305442E+00   0.649673E+07   0.649620E+07   0.101310E+02
   0.193295E-01   0.117605E+08   0.117306E+08  -0.414507E+03   0.132803E+04   0.000000E+00   0.117557E+08   0.117557E+08   0.117557E+08  -0.289133E+00   0.615014E+07   0.614959E+07   0.936961E+01
   0.213425E-01   0.110660E+08   0.110323E+08  -0.268033E+03   0.102928E+04   0.000000E+00   0.110606E+08   0.110606E+08   0.110606E+08  -0.272020E+00   0.578645E+07   0.578589E+07   0.865979E+01
   0.235652E-01   0.103435E+08   0.103060E+08  -0.183185E+03   0.740784E+03   0.000000E+00   0.103375E+08   0.103375E+08   0.103375E+08  -0.254218E+00   0.540812E+07   0.540756E+07   0.797718E+01
   0.260194E-01   0.960046E+07   0.955937E+07  -0.173802E+03   0.590769E+03   0.000000E+00   0.959386E+07   0.959386E+07   0.959386E+07  -0.235912E+00   0.501908E+07   0.501851E+07   0.730221E+01
   0.287291E-01   0.884767E+07   0.880356E+07  -0.960218E+02   0.432943E+03   0.000000E+00   0.884058E+07   0.884058E+07   0.884058E+07  -0.217368E+00   0.462499E+07   0.462442E+07   0.661390E+01
   0.317210E-01   0.809965E+07   0.805348E+07  -0.124338E+03   0.338690E+03   0.000000E+00   0.809223E+07   0.809223E+07   0.809223E+07  -0.198945E+00   0.423348E+07   0.423292E+07   0.589617E+01
   0.350245E-01   0.737435E+07   0.732754E+07  -0.653955E+02   0.254451E+03   0.000000E+00   0.736682E+07   0.736682E+07   0.736682E+07  -0.181086E+00   0.385397E+07   0.385343E+07   0.514036E+01
   0.386721E-01   0.669180E+07   0.664616E+07  -0.470420E+02   0.177434E+03   0.000000E+00   0.668447E+07   0.668447E+07   0.668447E+07  -0.164286E+00   0.349699E+07   0.349649E+07   0.434900E+01
   0.426995E-01   0.607126E+07   0.602889E+07  -0.420710E+02   0.135778E+03   0.000000E+00   0.606445E+07   0.606445E+07   0.606445E+07  -0.149019E+00   0.317262E+07   0.317217E+07   0.353954E+01
   0.469694E-01   0.554581E+07   0.550852E+07  -0.372790E+02   0.102816E+03   0.000000E+00   0.553981E+07   0.553981E+07   0.553981E+07  -0.136100E+00   0.289814E+07   0.289775E+07   0.277614E+01
   0.512394E-01   0.513007E+07   0.509869E+07  -0.298359E+02   0.811611E+02   0.000000E+00   0.512503E+07   0.512503E+07   0.512503E+07  -0.125889E+00   0.268114E+07   0.268081E+07   0.213056E+01
   0.555093E-01   0.479503E+07   0.476954E+07  -0.248215E+02   0.623406E+02   0.000000E+00   0.479093E+07   0.479093E+07   0.479093E+07  -0.117670E+00   0.250634E+07   0.250608E+07   0.161483E+01
   0.597792E-01   0.451319E+07   0.449287E+07  -0.148241E+02   0.527729E+02   0.000000E+00   0.450993E+07   0.450993E+07   0.450993E+07  -0.110769E+00   0.235933E+07   0.235911E+07   0.122983E+01
   0.640492E-01   0.426149E+07   0.424511E+07  -0.116844E+02   0.405649E+02   0.000000E+00   0.425886E+07   0.425886E+07   0.425886E+07  -0.104619E+00   0.222797E+07   0.222779E+07   0.965426E+00
   0.683191E-01   0.402318E+07   0.400928E+07  -0.103421E+02   0.355820E+02   0.000000E+00   0.402095E+07   0.402095E+07   0.402095E+07  -0.988068E-01   0.210351E+07   0.210334E+07   0.802737E+00
   0.725891E-01   0.378853E+07   0.377571E+07  -0.102688E+02   0.274871E+02   0.000000E+00   0.378647E+07   0.378647E+07   0.378647E+07  -0.930876E-01   0.198084E+07   0.198069E+07   0.717526E+00
   0.768590E-01   0.355430E+07   0.354138E+07  -0.745623E+01   0.243807E+02   0.000000E+00   0.355223E+07   0.355223E+07   0.355223E+07  -0.873752E-01   0.185830E+07   0.185814E+07   0.683805E+00
   0.811290E-01   0.332261E+07   0.330882E+07  -0.127301E+02   0.192719E+02   0.000000E+00   0.332039E+07   0.332039E+07   0.332039E+07  -0.817169E-01   0.173702E+07   0.173686E+07   0.677219E+00
   0.853989E-01   0.309893E+07   0.308395E+07  -0.415801E+01   0.169380E+02   0.000000E+00   0.309652E+07   0.309652E+07   0.309652E+07  -0.762455E-01   0.161991E+07   0.161974E+07   0.677600E+00
   0.896689E-01   0.288990E+07   0.287386E+07  -0.927705E+01   0.139612E+02   0.000000E+00   0.288733E+07   0.288733E+07   0.288733E+07  -0.711256E-01   0.151048E+07   0.151030E+07   0.670553E+00
   0.950018E-01   0.265842E+07   0.264166E+07  -0.555717E+01   0.119036E+02   0.000000E+00   0.265573E+07   0.265573E+07   0.265573E+07  -0.654495E-01   0.138933E+07   0.138914E+07   0.639573E+00
   0.100335E+00   0.246617E+07   0.244970E+07  -0.966668E+01   0.100032E+02   0.000000E+00   0.246352E+07   0.246352E+07   0.246352E+07  -0.607330E-01   0.128877E+07   0.128860E+07   0.581467E+00
   0.105668E+00   0.231348E+07   0.229828E+07  -0.544678E+01   0.822712E+01   0.000000E+00   0.231104E+07   0.231104E+07   0.231104E+07  -0.569881E-01   0.120901E+07   0.120885E+07   0.503284E+00
   0.111000E+00   0.219432E+07   0.218107E+07  -0.429368E+00   0.683721E+01   0.000000E+00   0.219219E+07   0.219219E+07   0.219219E+07  -0.540673E-01   0.114683E+07   0.114669E+07   0.417499E+00
   0.116333E+00   0.209838E+07   0.208732E+07  -0.331670E+01   0.596687E+01   0.000000E+00   0.209661E+07   0.209661E+07   0.209661E+07  -0.517169E-01   0.109682E+07   0.109671E+07   0.337183E+00
   0.121666E+00   0.201418E+07   0.200509E+07  -0.362703E+01   0.544529E+01   0.000000E+00   0.201272E+07   0.201272E+07   0.201272E+07  -0.496528E-01   0.105294E+07   0.105284E+07   0.272313E+00
   0.126999E+00   0.193192E+07   0.192425E+07  -0.261204E+01   0.496470E+01   0.000000E+00   0.193069E+07   0.193069E+07   0.193069E+07  -0.476326E-01   0.101002E+07   0.100993E+07   0.227817E+00
   0.132332E+00   0.184549E+07   0.183853E+07  -0.300389E+01   0.435499E+01   0.000000E+00   0.184437E+07   0.184437E+07   0.184437E+07  -0.455058E-01   0.964865E+06   0.964784E+06   0.203357E+00
   0.137665E+00   0.175321E+07   0.174633E+07  -0.201671E+01   0.368400E+01   0.000000E+00   0.175210E+07   0.175210E+07   0.175210E+07  -0.432315E-01   0.916598E+06   0.916518E+06   0.194494E+00
   0.142998E+00   0.165729E+07   0.165003E+07  -0.179996E+01   0.312533E+01   0.000000E+00   0.165612E+07   0.165612E+07   0.165612E+07  -0.408649E-01   0.866387E+06   0.866304E+06   0.194615E+00
   0.148331E+00   0.156236E+07   0.155456E+07  -0.148290E+01   0.276363E+01   0.000000E+00   0.156110E+07   0.156110E+07   0.156110E+07  -0.385218E-01   0.816681E+06   0.816594E+06   0.196967E+00
   0.153664E+00   0.147367E+07   0.146542E+07  -0.732460E+00   0.252961E+01   0.000000E+00   0.147234E+07   0.147234E+07   0.147234E+07  -0.363328E-01   0.770249E+06   0.770159E+06   0.196277E+00
   0.158997E+00   0.139544E+07   0.138703E+07  -0.186976E+01   0.229696E+01   0.000000E+00   0.139409E+07   0.139409E+07   0.139409E+07  -0.344028E-01   0.729309E+06   0.729219E+06   0.189662E+00
   0.164329E+00   0.132975E+07   0.132156E+07  -0.159992E+01   0.201305E+01   0.000000E+00   0.132843E+07   0.132843E+07   0.132843E+07  -0.327836E-01   0.694963E+06   0.694876E+06   0.176747E+00
   0.169662E+00   0.127624E+07   0.126860E+07  -0.263116E+00   0.173119E+01   0.000000E+00   0.127501E+07   0.127501E+07   0.127501E+07  -0.314663E-01   0.667017E+06   0.666936E+06   0.159157E+00
   0.174995E+00   0.123249E+07   0.122560E+07  -0.110180E+01   0.153305E+01   0.000000E+00   0.123138E+07   0.123138E+07   0.123138E+07  -0.303904E-01   0.644190E+06   0.644116E+06   0.139635E+00
   0.180328E+00   0.119484E+07   0.118877E+07  -0.115166E+01   0.143539E+01   0.000000E+00   0.119387E+07   0.119387E+07   0.119387E+07  -0.294656E-01   0.624566E+06   0.624500E+06   0.121078E+00
   0.185661E+00   0.115953E+07   0.115418E+07  -0.512834E-01   0.137603E+01   0.000000E+00   0.115867E+07   0.115867E+07   0.115867E+07  -0.285980E-01   0.606152E+06   0.606093E+06   0.105756E+00
   0.190994E+00   0.112354E+07   0.111869E+07  -0.556176E+00   0.128094E+01   0.000000E+00   0.112276E+07   0.112276E+07   0.112276E+07  -0.277129E-01   0.587366E+06   0.587312E+06   0.948554E-01
   0.196327E+00   0.108522E+07   0.108063E+07  -0.898307E+00   0.113493E+01   0.000000E+00   0.108449E+07   0.108449E+07   0.108449E+07  -0.267695E-01   0.567341E+06   0.567289E+06   0.883901E-01
   0.201660E+00   0.104443E+07   0.103988E+07  -0.408494E+00   0.985653E+00   0.000000E+00   0.104370E+07   0.104370E+07   0.104370E+07  -0.257642E-01   0.546006E+06   0.545954E+06   0.854263E-01
   0.206993E+00   0.100228E+07   0.997618E+06  -0.588876E+00   0.885612E+00   0.000000E+00   0.100153E+07   0.100153E+07   0.100153E+07  -0.247245E-01   0.523946E+06   0.523893E+06   0.844935E-01
   0.212325E+00   0.960595E+06   0.955771E+06  -0.641148E+00   0.838906E+00   0.000000E+00   0.959820E+06   0.959820E+06   0.959820E+06  -0.236958E-01   0.502125E+06   0.502071E+06   0.840441E-01
   0.217658E+00   0.921299E+06   0.916357E+06  -0.327190E+00   0.803726E+00   0.000000E+00   0.920505E+06   0.920505E+06   0.920505E+06  -0.227260E-01   0.481558E+06   0.481504E+06   0.828388E-01
   0.222991E+00   0.885876E+06   0.880920E+06  -0.205270E+00   0.741307E+00   0.000000E+00   0.885079E+06   0.885079E+06   0.885079E+06  -0.218520E-01   0.463025E+06   0.462972E+06   0.801770E-01
   0.228324E+00   0.855023E+06   0.850184E+06  -0.128709E+00   0.653972E+00   0.000000E+00   0.854245E+06   0.854245E+06   0.854245E+06  -0.210911E-01   0.446895E+06   0.446843E+06   0.759491E-01
   0.233657E+00   0.828576E+06   0.823970E+06  -0.347303E+00   0.577132E+00   0.000000E+00   0.827836E+06   0.827836E+06   0.827836E+06  -0.204393E-01   0.433079E+06   0.433029E+06   0.705347E-01
   0.238990E+00   0.805660E+06   0.801360E+06  -0.501336E+00   0.537987E+00   0.000000E+00   0.804969E+06   0.804969E+06   0.804969E+06  -0.198749E-01   0.421116E+06   0.421069E+06   0.646022E-01
   0.244323E+00   0.784992E+06   0.781018E+06  -0.213522E+00   0.527887E+00   0.000000E+00   0.784353E+06   0.784353E+06   0.784353E+06  -0.193661E-01   0.410330E+06   0.410287E+06   0.588799E-01
   0.249656E+00   0.765253E+06   0.761569E+06  -0.200741E+00   0.514049E+00   0.000000E+00   0.764661E+06   0.764661E+06   0.764661E+06  -0.188800E-01   0.400028E+06   0.399988E+06   0.539589E-01
   0.254989E+00   0.745395E+06   0.741930E+06  -0.257820E+00   0.474997E+00   0.000000E+00   0.744838E+06   0.744838E+06   0.744838E+06  -0.183908E-01   0.389658E+06   0.389620E+06   0.501708E-01
   0.260321E+00   0.724846E+06   0.721512E+06  -0.140873E-01   0.420156E+00   0.000000E+00   0.724310E+06   0.724310E+06   0.724310E+06  -0.178841E-01   0.378919E+06   0.378882E+06   0.475533E-01
   0.265654E+00   0.703550E+06   0.700269E+06  -0.140651E+00   0.376241E+00   0.000000E+00   0.703023E+06   0.703023E+06   0.703023E+06  -0.173586E-01   0.367782E+06   0.367746E+06   0.458953E-01
   0.270987E+00   0.681889E+06   0.678608E+06  -0.389203E+00   0.357542E+00   0.000000E+00   0.681362E+06   0.681362E+06   0.681362E+06  -0.168240E-01   0.356451E+06   0.356415E+06   0.448338E-01
   0.276320E+00   0.660499E+06   0.657195E+06  -0.206503E+00   0.352917E+00   0.000000E+00   0.659968E+06   0.659968E+06   0.659968E+06  -0.162959E-01   0.345259E+06   0.345223E+06   0.439693E-01
   0.281653E+00   0.640056E+06   0.636742E+06  -0.782251E-01   0.339734E+00   0.000000E+00   0.639524E+06   0.639524E+06   0.639524E+06  -0.157912E-01   0.334564E+06   0.334527E+06   0.429668E-01
   0.286986E+00   0.621093E+06   0.617802E+06  -0.122982E+00   0.308869E+00   0.000000E+00   0.620564E+06   0.620564E+06   0.620564E+06  -0.153233E-01   0.324646E+06   0.324610E+06   0.416224E-01
   0.292319E+00   0.603880E+06   0.600655E+06  -0.782234E-01   0.272422E+00   0.000000E+00   0.603361E+06   0.603361E+06   0.603361E+06  -0.148986E-01   0.315646E+06   0.315611E+06   0.398843E-01
   0.297652E+00   0.588384E+06   0.585267E+06  -0.980314E-01   0.249100E+00   0.000000E+00   0.587883E+06   0.587883E+06   0.587883E+06  -0.145166E-01   0.307549E+06   0.307515E+06   0.378335E-01
   0.302985E+00   0.574325E+06   0.571341E+06  -0.173232E+00   0.244024E+00   0.000000E+00   0.573846E+06   0.573846E+06   0.573846E+06  -0.141701E-01   0.300205E+06   0.300172E+06   0.356363E-01
   0.308318E+00   0.561268E+06   0.558427E+06  -0.169185E+00   0.244601E+00   0.000000E+00   0.560812E+06   0.560812E+06   0.560812E+06  -0.138485E-01   0.293386E+06   0.293355E+06   0.334853E-01
   0.313650E+00   0.548751E+06   0.546041E+06  -0.115609E+00   0.235004E+00   0.000000E+00   0.548316E+06   0.548316E+06   0.548316E+06  -0.135401E-01   0.286849E+06   0.286819E+06   0.315462E-01
   0.318983E+00   0.536392E+06   0.533789E+06  -0.380871E-01   0.212526E+00   0.000000E+00   0.535974E+06   0.535974E+06   0.535974E+06  -0.132354E-01   0.280392E+06   0.280363E+06   0.299211E-01
   0.324316E+00   0.523962E+06   0.521437E+06  -0.466887E-01   0.189044E+00   0.000000E+00   0.523556E+06   0.523556E+06   0.523556E+06  -0.129290E-01   0.273896E+06   0.273868E+06   0.286349E-01
   0.329649E+00   0.511411E+06   0.508936E+06  -0.123513E+00   0.177133E+00   0.000000E+00   0.511013E+06   0.511013E+06   0.511013E+06  -0.126194E-01   0.267334E+06   0.267307E+06   0.276430E-01
   0.334982E+00   0.498843E+06   0.496396E+06  -0.105835E+00   0.176783E+00   0.000000E+00   0.498450E+06   0.498450E+06   0.498450E+06  -0.123092E-01   0.260762E+06   0.260735E+06   0.268538E-01
   0.340315E+00   0.486459E+06   0.484030E+06  -0.841563E-01   0.176685E+00   0.000000E+00   0.486068E+06   0.486068E+06   0.486068E+06  -0.120035E-01   0.254284E+06   0.254258E+06   0.261592E-01
   0.345648E+00   0.474487E+06   0.472077E+06  -0.108833E+00   0.166881E+00   0.000000E+00   0.474099E+06   0.474099E+06   0.474099E+06  -0.117080E-01   0.248023E+06   0.247997E+06   0.254628E-01
   0.350981E+00   0.463118E+06   0.460737E+06  -0.558190E-01   0.149091E+00   0.000000E+00   0.462735E+06   0.462735E+06   0.462735E+06  -0.114273E-01   0.242078E+06   0.242052E+06   0.246995E-01
   0.356314E+00   0.452460E+06   0.450122E+06  -0.188664E-01   0.133742E+00   0.000000E+00   0.452084E+06   0.452084E+06   0.452084E+06  -0.111643E-01   0.236506E+06   0.236480E+06   0.238448E-01
   0.361647E+00   0.442520E+06   0.440239E+06  -0.738545E-01   0.128536E+00   0.000000E+00   0.442154E+06   0.442154E+06   0.442154E+06  -0.109191E-01   0.231311E+06   0.231286E+06   0.229118E-01
   0.366979E+00   0.433219E+06   0.431003E+06  -0.886976E-01   0.130534E+00   0.000000E+00   0.432863E+06   0.432863E+06   0.432863E+06  -0.106897E-01   0.226450E+06   0.226426E+06   0.219403E-01
   0.372312E+00   0.424413E+06   0.422268E+06  -0.602476E-01   0.129989E+00   0.000000E+00   0.424069E+06   0.424069E+06   0.424069E+06  -0.104726E-01   0.221850E+06   0.221826E+06   0.209817E-01
   0.377645E+00   0.415945E+06   0.413866E+06  -0.593793E-01   0.121179E+00   0.000000E+00   0.415611E+06   0.415611E+06   0.415611E+06  -0.102637E-01   0.217425E+06   0.217402E+06   0.200835E-01
   0.382978E+00   0.407672E+06   0.405653E+06  -0.553189E-01   0.107884E+00   0.000000E+00   0.407348E+06   0.407348E+06   0.407348E+06  -0.100597E-01   0.213102E+06   0.213080E+06   0.192785E-01
   0.388311E+00   0.399500E+06   0.397530E+06  -0.413341E-01   0.986417E-01   0.000000E+00   0.399184E+06   0.399184E+06   0.399184E+06  -0.985816E-02   0.208831E+06   0.208810E+06   0.185790E-01
   0.393644E+00   0.391393E+06   0.389461E+06  -0.420560E-01   0.973382E-01   0.000000E+00   0.391083E+06   0.391083E+06   0.391083E+06  -0.965814E-02   0.204593E+06   0.204572E+06   0.179775E-01
   0.398977E+00   0.383367E+06   0.381466E+06  -0.537490E-01   0.995968E-01   0.000000E+00   0.383062E+06   0.383062E+06   0.383062E+06  -0.946011E-02   0.200397E+06   0.200376E+06   0.174515E-01
   0.404310E+00   0.375480E+06   0.373604E+06  -0.598805E-01   0.978444E-01   0.000000E+00   0.375178E+06   0.375178E+06   0.375178E+06  -0.926546E-02   0.196273E+06   0.196252E+06   0.169718E-01
   0.409643E+00   0.367802E+06   0.365951E+06  -0.441238E-01   0.896129E-01   0.000000E+00   0.367505E+06   0.367505E+06   0.367505E+06  -0.907600E-02   0.192258E+06   0.192238E+06   0.165096E-01
   0.414975E+00   0.360400E+06   0.358575E+06  -0.309339E-01   0.796389E-01   0.000000E+00   0.360106E+06   0.360106E+06   0.360106E+06  -0.889333E-02   0.188388E+06   0.188368E+06   0.160436E-01
   0.420308E+00   0.353314E+06   0.351520E+06  -0.400001E-01   0.743959E-01   0.000000E+00   0.353026E+06   0.353026E+06   0.353026E+06  -0.871851E-02   0.184684E+06   0.184664E+06   0.155628E-01
   0.425641E+00   0.346557E+06   0.344796E+06  -0.382027E-01   0.751415E-01   0.000000E+00   0.346274E+06   0.346274E+06   0.346274E+06  -0.855180E-02   0.181152E+06   0.181133E+06   0.150673E-01
   0.430974E+00   0.340107E+06   0.338384E+06  -0.293536E-01   0.770433E-01   0.000000E+00   0.339830E+06   0.339830E+06   0.339830E+06  -0.839269E-02   0.177781E+06   0.177762E+06   0.145655E-01
   0.436307E+00   0.333921E+06   0.332237E+06  -0.394856E-01   0.745672E-01   0.000000E+00   0.333650E+06   0.333650E+06   0.333650E+06  -0.824010E-02   0.174548E+06   0.174529E+06   0.140704E-01
   0.441640E+00   0.327945E+06   0.326299E+06  -0.416721E-01   0.673864E-01   0.000000E+00   0.327680E+06   0.327680E+06   0.327680E+06  -0.809268E-02   0.171424E+06   0.171406E+06   0.135955E-01
   0.446973E+00   0.322127E+06   0.320517E+06  -0.285653E-01   0.603596E-01   0.000000E+00   0.321868E+06   0.321868E+06   0.321868E+06  -0.794917E-02   0.168384E+06   0.168366E+06   0.131513E-01
   0.452306E+00   0.316428E+06   0.314851E+06  -0.281064E-01   0.579652E-01   0.000000E+00   0.316175E+06   0.316175E+06   0.316175E+06  -0.780857E-02   0.165405E+06   0.165388E+06   0.127428E-01
   0.457639E+00   0.310827E+06   0.309278E+06  -0.322806E-01   0.596635E-01   0.000000E+00   0.310578E+06   0.310578E+06   0.310578E+06  -0.767036E-02   0.162477E+06   0.162460E+06   0.123698E-01
   0.462971E+00   0.305320E+06   0.303797E+06  -0.273052E-01   0.607573E-01   0.000000E+00   0.305075E+06   0.305075E+06   0.305075E+06  -0.753447E-02   0.159599E+06   0.159582E+06   0.120271E-01
   0.468304E+00   0.299920E+06   0.298420E+06  -0.246094E-01   0.576424E-01   0.000000E+00   0.299679E+06   0.299679E+06   0.299679E+06  -0.740120E-02   0.156776E+06   0.156759E+06   0.117070E-01
   0.473637E+00   0.294646E+06   0.293167E+06  -0.272238E-01   0.514850E-01   0.000000E+00   0.294408E+06   0.294408E+06   0.294408E+06  -0.727103E-02   0.154018E+06   0.154002E+06   0.114009E-01
   0.478970E+00   0.289518E+06   0.288061E+06  -0.273173E-01   0.467101E-01   0.000000E+00   0.289284E+06   0.289284E+06   0.289284E+06  -0.714448E-02   0.151337E+06   0.151321E+06   0.111019E-01
   0.484303E+00   0.284551E+06   0.283116E+06  -0.230154E-01   0.460939E-01   0.000000E+00   0.284320E+06   0.284320E+06   0.284320E+06  -0.702191E-02   0.148741E+06   0.148725E+06   0.108055E-01
   0.489636E+00   0.279750E+06   0.278339E+06  -0.204351E-01   0.479350E-01   0.000000E+00   0.279524E+06   0.279524E+06   0.279524E+06  -0.690346E-02   0.146231E+06   0.146216E+06   0.105101E-01
   0.494969E+00   0.275112E+06   0.273725E+06  -0.228131E-01   0.482031E-01   0.000000E+00   0.274889E+06   0.274889E+06   0.274889E+06  -0.678903E-02   0.143807E+06   0.143792E+06   0.102171E-01
   0.500302E+00   0.270623E+06   0.269261E+06  -0.225307E-01   0.448262E-01   0.000000E+00   0.270404E+06   0.270404E+06   0.270404E+06  -0.667828E-02   0.141461E+06   0.141446E+06   0.992925E-02
   0.505635E+00   0.266265E+06   0.264928E+06  -0.195449E-01   0.398443E-01   0.000000E+00   0.266050E+06   0.266050E+06   0.266050E+06  -0.657078E-02   0.139183E+06   0.139168E+06   0.965023E-02
   0.510968E+00   0.262020E+06   0.260707E+06  -0.214372E-01   0.369618E-01   0.000000E+00   0.261809E+06   0.261809E+06   0.261809E+06  -0.646605E-02   0.136964E+06   0.136950E+06   0.938312E-02
   0.516300E+00   0.257872E+06   0.256581E+06  -0.217983E-01   0.374798E-01   0.000000E+00   0.257664E+06   0.257664E+06   0.257664E+06  -0.636370E-02   0.134796E+06   0.134782E+06   0.912985E-02
   0.521633E+00   0.253809E+06   0.252539E+06  -0.166182E-01   0.391313E-01   0.000000E+00   0.253605E+06   0.253605E+06   0.253605E+06  -0.626346E-02   0.132672E+06   0.132658E+06   0.889083E-02
   0.526966E+00   0.249827E+06   0.248577E+06  -0.153725E-01   0.386274E-01   0.000000E+00   0.249626E+06   0.249626E+06   0.249626E+06  -0.616520E-02   0.130591E+06   0.130577E+06   0.866507E-02
   0.532299E+00   0.245926E+06   0.244694E+06  -0.174784E-01   0.352472E-01   0.000000E+00   0.245728E+06   0.245728E+06   0.245728E+06  -0.606894E-02   0.128551E+06   0.128538E+06   0.845054E-02
   0.537632E+00   0.242109E+06   0.240895E+06  -0.165566E-01   0.313900E-01   0.000000E+00   0.241914E+06   0.241914E+06   0.241914E+06  -0.597476E-02   0.126556E+06   0.126543E+06   0.824482E-02
   0.542965E+00   0.238382E+06   0.237186E+06  -0.157809E-01   0.298965E-01   0.000000E+00   0.238190E+06   0.238190E+06   0.238190E+06  -0.588278E-02   0.124608E+06   0.124595E+06   0.804561E-02
   0.548298E+00   0.234749E+06   0.233570E+06  -0.164856E-01   0.309900E-01   0.000000E+00   0.234559E+06   0.234559E+06   0.234559E+06  -0.579313E-02   0.122709E+06   0.122696E+06   0.785119E-02
   0.553631E+00   0.231211E+06   0.230049E+06  -0.154115E-01   0.321885E-01   0.000000E+00   0.231025E+06   0.231025E+06   0.231025E+06  -0.570583E-02   0.120860E+06   0.120847E+06   0.766061E-02
   0.558964E+00   0.227768E+06   0.226624E+06  -0.134847E-01   0.310831E-01   0.000000E+00   0.227584E+06   0.227584E+06   0.227584E+06  -0.562087E-02   0.119060E+06   0.119047E+06   0.747374E-02
   0.564296E+00   0.224416E+06   0.223288E+06  -0.131168E-01   0.279253E-01   0.000000E+00   0.224235E+06   0.224235E+06   0.224235E+06  -0.553815E-02   0.117307E+06   0.117295E+06   0.729103E-02
   0.569629E+00   0.221148E+06   0.220037E+06  -0.140636E-01   0.251298E-01   0.000000E+00   0.220969E+06   0.220969E+06   0.220969E+06  -0.545750E-02   0.115599E+06   0.115587E+06   0.711328E-02
   0.574962E+00   0.217957E+06   0.216863E+06  -0.140370E-01   0.246892E-01   0.000000E+00   0.217781E+06   0.217781E+06   0.217781E+06  -0.537877E-02   0.113931E+06   0.113919E+06   0.694130E-02
   0.580295E+00   0.214837E+06   0.213760E+06  -0.124777E-01   0.259848E-01   0.000000E+00   0.214664E+06   0.214664E+06   0.214664E+06  -0.530179E-02   0.112301E+06   0.112289E+06   0.677570E-02
   0.585628E+00   0.211783E+06   0.210722E+06  -0.117921E-01   0.266409E-01   0.000000E+00   0.211613E+06   0.211613E+06   0.211613E+06  -0.522643E-02   0.110704E+06   0.110693E+06   0.661670E-02
   0.590961E+00   0.208791E+06   0.207745E+06  -0.116715E-01   0.251196E-01   0.000000E+00   0.208623E+06   0.208623E+06   0.208623E+06  -0.515260E-02   0.109140E+06   0.109129E+06   0.646413E-02
   0.596294E+00   0.205860E+06   0.204828E+06  -0.105552E-01   0.224050E-01   0.000000E+00   0.205694E+06   0.205694E+06   0.205694E+06  -0.508026E-02   0.107608E+06   0.107597E+06   0.631749E-02
   0.601627E+00   0.202988E+06   0.201971E+06  -0.106453E-01   0.187781E-01   0.000000E+00   0.202825E+06   0.202825E+06   0.202825E+06  -0.500940E-02   0.106107E+06   0.106096E+06   0.617607E-02
   0.606960E+00   0.200178E+06   0.199174E+06  -0.113181E-01   0.281164E-01   0.000000E+00   0.200016E+06   0.200016E+06   0.200016E+06  -0.494002E-02   0.104638E+06   0.104627E+06   0.603913E-02
   0.612293E+00   0.197428E+06   0.196437E+06  -0.109181E-01   0.243020E-01   0.000000E+00   0.197268E+06   0.197268E+06   0.197268E+06  -0.487219E-02   0.103200E+06   0.103189E+06   0.590604E-02
   0.617625E+00   0.194739E+06   0.193762E+06  -0.970061E-02   0.243674E-01   0.000000E+00   0.194582E+06   0.194582E+06   0.194582E+06  -0.480582E-02   0.101795E+06   0.101784E+06   0.577635E-02
   0.622958E+00   0.192111E+06   0.191146E+06  -0.977927E-02   0.193706E-01   0.000000E+00   0.191956E+06   0.191956E+06   0.191956E+06  -0.474095E-02   0.100421E+06   0.100410E+06   0.564981E-02
   0.670453E+00   0.171018E+06   0.170160E+06  -0.683836E-02   0.188306E-01   0.000000E+00   0.170880E+06   0.170880E+06   0.170880E+06  -0.422048E-02   0.893951E+05   0.893857E+05   0.466959E-02
   0.721568E+00   0.152121E+06   0.151359E+06  -0.537801E-02   0.112577E-01   0.000000E+00   0.151999E+06   0.151999E+06   0.151999E+06  -0.375418E-02   0.795175E+05   0.795091E+05   0.385901E-02
   0.776580E+00   0.135222E+06   0.134544E+06  -0.438518E-02   0.889977E-02   0.000000E+00   0.135113E+06   0.135113E+06   0.135113E+06  -0.333715E-02   0.706840E+05   0.706766E+05   0.318748E-02
   0.835786E+00   0.120123E+06   0.119521E+06  -0.331974E-02   0.629151E-02   0.000000E+00   0.120026E+06   0.120026E+06   0.120026E+06  -0.296454E-02   0.627912E+05   0.627846E+05   0.263094E-02
   0.899507E+00   0.106642E+06   0.106108E+06  -0.254458E-02   0.542436E-02   0.000000E+00   0.106557E+06   0.106557E+06   0.106557E+06  -0.263186E-02   0.557446E+05   0.557387E+05   0.217025E-02
   0.968085E+00   0.946184E+05   0.941442E+05  -0.150213E-02   0.371738E-02   0.000000E+00   0.945422E+05   0.945422E+05   0.945422E+05  -0.233513E-02   0.494593E+05   0.494542E+05   0.178923E-02
   0.104189E+01   0.839009E+05   0.834805E+05  -0.161420E-02   0.269351E-02   0.000000E+00   0.838334E+05   0.838334E+05   0.838334E+05  -0.207063E-02   0.438571E+05   0.438525E+05   0.147431E-02
   0.112133E+01   0.743544E+05   0.739818E+05  -0.121769E-02   0.216097E-02   0.000000E+00   0.742945E+05   0.742945E+05   0.742945E+05  -0.183503E-02   0.388668E+05   0.388628E+05   0.121417E-02
   0.116665E+01   0.696492E+05   0.693002E+05   0.149316E-03   0.165596E-02   0.000000E+00   0.695931E+05   0.695931E+05   0.695931E+05  -0.171891E-02   0.364073E+05   0.364035E+05   0.109323E-02
   0.141917E+01   0.503000E+05   0.500480E+05   0.297443E-03   0.254690E-02   0.000000E+00   0.502595E+05   0.502595E+05   0.502595E+05  -0.124139E-02   0.262931E+05   0.262903E+05   0.649522E-03
   0.172634E+01   0.361996E+05   0.360183E+05   0.494604E-04   0.485247E-02   0.000000E+00   0.361705E+05   0.361705E+05   0.361705E+05  -0.893401E-03   0.189224E+05   0.189204E+05   0.384760E-03
   0.210000E+01   0.259687E+05   0.258386E+05   0.223065E-04   0.437885E-02   0.000000E+00   0.259478E+05   0.259478E+05   0.259478E+05  -0.640905E-03   0.135745E+05   0.135730E+05   0.227366E-03
