#          k/h    CDM            baryon         photon         nu             mass_nu        total          no_nu          total_de       Weyl           v_CDM          v_b            v_b-v_c     
   0.103826E-04   0.192117E+08   0.192117E+08   0.256017E+08   0.256014E+08   0.000000E+00   0.192117E+08   0.192117E+08   0.192194E+08  -0.475088E+00   0.102428E+08   0.102428E+08   0.532585E+01
   0.114639E-04   0.192117E+08   0.192117E+08   0.255987E+08   0.255983E+08   0.000000E+00   0.192117E+08   0.192117E+08   0.192194E+08  -0.475089E+00   0.102428E+08   0.102428E+08   0.588029E+01
   0.126578E-04   0.192117E+08   0.192117E+08   0.255950E+08   0.255946E+08   0.000000E+00   0.192117E+08   0.192117E+08   0.192194E+08  -0.475091E+00   0.102428E+08   0.102428E+08   0.649242E+01
   0.139760E-04   0.192118E+08   0.192118E+08   0.255906E+08   0.255900E+08   0.000000E+00   0.192118E+08   0.192118E+08   0.192194E+08  -0.475093E+00   0.102428E+08   0.102428E+08   0.716820E+01
   0.154315E-04   0.192118E+08   0.192118E+08   0.255851E+08   0.255844E+08   0.000000E+00   0.192118E+08   0.192118E+08   0.192195E+08  -0.475096E+00   0.102428E+08   0.102428E+08   0.791423E+01
   0.170386E-04   0.192118E+08   0.192118E+08   0.255785E+08   0.255776E+08   0.000000E+00   0.192118E+08   0.192118E+08   0.192195E+08  -0.475099E+00   0.102428E+08   0.102428E+08   0.873779E+01
   0.188130E-04   0.192119E+08   0.192119E+08   0.255704E+08   0.255694E+08   0.000000E+00   0.192119E+08   0.192119E+08   0.192196E+08  -0.475103E+00   0.102429E+08   0.102429E+08   0.964689E+01
   0.207723E-04   0.192120E+08   0.192120E+08   0.255605E+08   0.255593E+08   0.000000E+00   0.192120E+08   0.192120E+08   0.192196E+08  -0.475107E+00   0.102429E+08   0.102429E+08   0.106504E+02
   0.229355E-04   0.192120E+08   0.192120E+08   0.255485E+08   0.255470E+08   0.000000E+00   0.192120E+08   0.192120E+08   0.192197E+08  -0.475113E+00   0.102429E+08   0.102429E+08   0.117579E+02
   0.253241E-04   0.192121E+08   0.192121E+08   0.255338E+08   0.255320E+08   0.000000E+00   0.192121E+08   0.192121E+08   0.192198E+08  -0.475120E+00   0.102430E+08   0.102430E+08   0.129803E+02
   0.279614E-04   0.192123E+08   0.192122E+08   0.255159E+08   0.255137E+08   0.000000E+00   0.192123E+08   0.192123E+08   0.192199E+08  -0.475129E+00   0.102430E+08   0.102430E+08   0.143292E+02
   0.308734E-04   0.192124E+08   0.192124E+08   0.254942E+08   0.254915E+08   0.000000E+00   0.192124E+08   0.192124E+08   0.192201E+08  -0.475139E+00   0.102431E+08   0.102431E+08   0.158177E+02
   0.340887E-04   0.192126E+08   0.192126E+08   0.254677E+08   0.254644E+08   0.000000E+00   0.192126E+08   0.192126E+08   0.192202E+08  -0.475151E+00   0.102431E+08   0.102431E+08   0.174598E+02
   0.376387E-04   0.192128E+08   0.192128E+08   0.254354E+08   0.254314E+08   0.000000E+00   0.192128E+08   0.192128E+08   0.192204E+08  -0.475167E+00   0.102432E+08   0.102432E+08   0.192711E+02
   0.415585E-04   0.192131E+08   0.192130E+08   0.253961E+08   0.253913E+08   0.000000E+00   0.192131E+08   0.192131E+08   0.192207E+08  -0.475185E+00   0.102433E+08   0.102433E+08   0.212686E+02
   0.458865E-04   0.192134E+08   0.192134E+08   0.253482E+08   0.253424E+08   0.000000E+00   0.192134E+08   0.192134E+08   0.192210E+08  -0.475208E+00   0.102435E+08   0.102435E+08   0.234710E+02
   0.506653E-04   0.192138E+08   0.192138E+08   0.252900E+08   0.252829E+08   0.000000E+00   0.192138E+08   0.192138E+08   0.192214E+08  -0.475235E+00   0.102436E+08   0.102436E+08   0.258983E+02
   0.559417E-04   0.192142E+08   0.192142E+08   0.252192E+08   0.252105E+08   0.000000E+00   0.192142E+08   0.192142E+08   0.192218E+08  -0.475269E+00   0.102438E+08   0.102438E+08   0.285725E+02
   0.617676E-04   0.192148E+08   0.192148E+08   0.251332E+08   0.251226E+08   0.000000E+00   0.192148E+08   0.192148E+08   0.192224E+08  -0.475309E+00   0.102440E+08   0.102440E+08   0.315174E+02
   0.682003E-04   0.192155E+08   0.192155E+08   0.250286E+08   0.250157E+08   0.000000E+00   0.192155E+08   0.192155E+08   0.192230E+08  -0.475359E+00   0.102443E+08   0.102443E+08   0.347583E+02
   0.753028E-04   0.192164E+08   0.192164E+08   0.249016E+08   0.248860E+08   0.000000E+00   0.192164E+08   0.192164E+08   0.192239E+08  -0.475419E+00   0.102447E+08   0.102447E+08   0.383226E+02
   0.831451E-04   0.192174E+08   0.192174E+08   0.247476E+08   0.247287E+08   0.000000E+00   0.192174E+08   0.192174E+08   0.192249E+08  -0.475492E+00   0.102451E+08   0.102451E+08   0.422390E+02
   0.918040E-04   0.192187E+08   0.192187E+08   0.245611E+08   0.245381E+08   0.000000E+00   0.192187E+08   0.192187E+08   0.192261E+08  -0.475581E+00   0.102456E+08   0.102456E+08   0.465377E+02
   0.101365E-03   0.192202E+08   0.192202E+08   0.243354E+08   0.243075E+08   0.000000E+00   0.192202E+08   0.192202E+08   0.192275E+08  -0.475689E+00   0.102462E+08   0.102462E+08   0.512499E+02
   0.111921E-03   0.192221E+08   0.192221E+08   0.240628E+08   0.240291E+08   0.000000E+00   0.192221E+08   0.192221E+08   0.192293E+08  -0.475819E+00   0.102470E+08   0.102470E+08   0.564070E+02
   0.123577E-03   0.192244E+08   0.192243E+08   0.237342E+08   0.236936E+08   0.000000E+00   0.192244E+08   0.192244E+08   0.192315E+08  -0.475976E+00   0.102479E+08   0.102479E+08   0.620399E+02
   0.136446E-03   0.192271E+08   0.192270E+08   0.233391E+08   0.232902E+08   0.000000E+00   0.192271E+08   0.192271E+08   0.192341E+08  -0.476166E+00   0.102490E+08   0.102489E+08   0.681778E+02
   0.150656E-03   0.192304E+08   0.192304E+08   0.228656E+08   0.228069E+08   0.000000E+00   0.192304E+08   0.192304E+08   0.192373E+08  -0.476394E+00   0.102503E+08   0.102503E+08   0.748461E+02
   0.166346E-03   0.192345E+08   0.192343E+08   0.223002E+08   0.222299E+08   0.000000E+00   0.192344E+08   0.192344E+08   0.192411E+08  -0.476668E+00   0.102519E+08   0.102518E+08   0.820643E+02
   0.183670E-03   0.192393E+08   0.192391E+08   0.216281E+08   0.215444E+08   0.000000E+00   0.192393E+08   0.192393E+08   0.192457E+08  -0.476996E+00   0.102538E+08   0.102537E+08   0.898429E+02
   0.202798E-03   0.192451E+08   0.192449E+08   0.208338E+08   0.207347E+08   0.000000E+00   0.192450E+08   0.192450E+08   0.192513E+08  -0.477386E+00   0.102560E+08   0.102560E+08   0.981790E+02
   0.223918E-03   0.192520E+08   0.192518E+08   0.199016E+08   0.197848E+08   0.000000E+00   0.192520E+08   0.192520E+08   0.192579E+08  -0.477848E+00   0.102587E+08   0.102586E+08   0.107051E+03
   0.247237E-03   0.192602E+08   0.192600E+08   0.188169E+08   0.186804E+08   0.000000E+00   0.192602E+08   0.192602E+08   0.192658E+08  -0.478392E+00   0.102618E+08   0.102618E+08   0.116413E+03
   0.272985E-03   0.192700E+08   0.192697E+08   0.175681E+08   0.174101E+08   0.000000E+00   0.192700E+08   0.192700E+08   0.192752E+08  -0.479026E+00   0.102655E+08   0.102654E+08   0.126187E+03
   0.301414E-03   0.192816E+08   0.192812E+08   0.161490E+08   0.159683E+08   0.000000E+00   0.192815E+08   0.192815E+08   0.192863E+08  -0.479759E+00   0.102698E+08   0.102697E+08   0.136251E+03
   0.332804E-03   0.192951E+08   0.192946E+08   0.145626E+08   0.143589E+08   0.000000E+00   0.192950E+08   0.192950E+08   0.192993E+08  -0.480595E+00   0.102746E+08   0.102745E+08   0.146438E+03
   0.367463E-03   0.193107E+08   0.193101E+08   0.128250E+08   0.125995E+08   0.000000E+00   0.193106E+08   0.193106E+08   0.193144E+08  -0.481534E+00   0.102801E+08   0.102799E+08   0.156517E+03
   0.405732E-03   0.193285E+08   0.193279E+08   0.109699E+08   0.107259E+08   0.000000E+00   0.193284E+08   0.193284E+08   0.193317E+08  -0.482568E+00   0.102861E+08   0.102859E+08   0.166194E+03
   0.447986E-03   0.193487E+08   0.193479E+08   0.905281E+07   0.879611E+07   0.000000E+00   0.193486E+08   0.193486E+08   0.193512E+08  -0.483678E+00   0.102926E+08   0.102924E+08   0.175110E+03
   0.494640E-03   0.193710E+08   0.193701E+08   0.715231E+07   0.689185E+07   0.000000E+00   0.193708E+08   0.193708E+08   0.193730E+08  -0.484831E+00   0.102993E+08   0.102990E+08   0.182843E+03
   0.546154E-03   0.193951E+08   0.193941E+08   0.536741E+07   0.511512E+07   0.000000E+00   0.193949E+08   0.193949E+08   0.193965E+08  -0.485977E+00   0.103058E+08   0.103055E+08   0.188935E+03
   0.603031E-03   0.194204E+08   0.194192E+08   0.380686E+07   0.357684E+07   0.000000E+00   0.194202E+08   0.194202E+08   0.194213E+08  -0.487047E+00   0.103118E+08   0.103114E+08   0.192924E+03
   0.665833E-03   0.194458E+08   0.194445E+08   0.256878E+07   0.237547E+07   0.000000E+00   0.194456E+08   0.194456E+08   0.194464E+08  -0.487958E+00   0.103165E+08   0.103161E+08   0.194394E+03
   0.735174E-03   0.194701E+08   0.194686E+08   0.171167E+07   0.156677E+07   0.000000E+00   0.194699E+08   0.194699E+08   0.194704E+08  -0.488618E+00   0.103192E+08   0.103188E+08   0.193051E+03
   0.811737E-03   0.194915E+08   0.194898E+08   0.122412E+07   0.113293E+07   0.000000E+00   0.194912E+08   0.194912E+08   0.194916E+08  -0.488944E+00   0.103190E+08   0.103185E+08   0.188777E+03
   0.896274E-03   0.195079E+08   0.195060E+08   0.101004E+07   0.968433E+06   0.000000E+00   0.195076E+08   0.195076E+08   0.195079E+08  -0.488874E+00   0.103151E+08   0.103146E+08   0.181682E+03
   0.989614E-03   0.195171E+08   0.195152E+08   0.910962E+06   0.905111E+06   0.000000E+00   0.195168E+08   0.195168E+08   0.195171E+08  -0.488391E+00   0.103069E+08   0.103064E+08   0.172103E+03
   0.109267E-02   0.195174E+08   0.195153E+08   0.776293E+06   0.786797E+06   0.000000E+00   0.195170E+08   0.195170E+08   0.195173E+08  -0.487526E+00   0.102939E+08   0.102934E+08   0.160543E+03
   0.120647E-02   0.195071E+08   0.195049E+08   0.554313E+06   0.563892E+06   0.000000E+00   0.195068E+08   0.195068E+08   0.195069E+08  -0.486350E+00   0.102760E+08   0.102755E+08   0.147592E+03
   0.133211E-02   0.194854E+08   0.194832E+08   0.326709E+06   0.326903E+06   0.000000E+00   0.194850E+08   0.194850E+08   0.194851E+08  -0.484933E+00   0.102534E+08   0.102528E+08   0.133868E+03
   0.147084E-02   0.194519E+08   0.194496E+08   0.213910E+06   0.205407E+06   0.000000E+00   0.194515E+08   0.194515E+08   0.194516E+08  -0.483315E+00   0.102260E+08   0.102255E+08   0.120018E+03
   0.162402E-02   0.194064E+08   0.194041E+08   0.211763E+06   0.199075E+06   0.000000E+00   0.194060E+08   0.194060E+08   0.194061E+08  -0.481489E+00   0.101938E+08   0.101933E+08   0.106755E+03
   0.179315E-02   0.193487E+08   0.193464E+08   0.184949E+06   0.173215E+06   0.000000E+00   0.193483E+08   0.193483E+08   0.193484E+08  -0.479434E+00   0.101565E+08   0.101560E+08   0.947629E+02
   0.197989E-02   0.192784E+08   0.192761E+08   0.925929E+05   0.874707E+05   0.000000E+00   0.192780E+08   0.192780E+08   0.192781E+08  -0.477138E+00   0.101137E+08   0.101132E+08   0.844704E+02
   0.218609E-02   0.191949E+08   0.191925E+08   0.544951E+05   0.555762E+05   0.000000E+00   0.191945E+08   0.191945E+08   0.191945E+08  -0.474596E+00   0.100650E+08   0.100645E+08   0.759063E+02
   0.241375E-02   0.190974E+08   0.190949E+08   0.631607E+05   0.616426E+05   0.000000E+00   0.190970E+08   0.190970E+08   0.190970E+08  -0.471784E+00   0.100098E+08   0.100093E+08   0.687909E+02
   0.266512E-02   0.189852E+08   0.189825E+08   0.284916E+05   0.231025E+05   0.000000E+00   0.189847E+08   0.189847E+08   0.189847E+08  -0.468670E+00   0.994752E+07   0.994702E+07   0.626422E+02
   0.294268E-02   0.188571E+08   0.188543E+08   0.284280E+05   0.225316E+05   0.000000E+00   0.188567E+08   0.188567E+08   0.188567E+08  -0.465225E+00   0.987764E+07   0.987714E+07   0.569175E+02
   0.324914E-02   0.187123E+08   0.187092E+08   0.149608E+05   0.110991E+05   0.000000E+00   0.187118E+08   0.187118E+08   0.187118E+08  -0.461415E+00   0.979946E+07   0.979896E+07   0.513685E+02
   0.358751E-02   0.185494E+08   0.185461E+08   0.739619E+04   0.791718E+04   0.000000E+00   0.185488E+08   0.185488E+08   0.185489E+08  -0.457202E+00   0.971228E+07   0.971178E+07   0.461203E+02
   0.396112E-02   0.183672E+08   0.183637E+08   0.280781E+03   0.518155E+03   0.000000E+00   0.183667E+08   0.183667E+08   0.183667E+08  -0.452551E+00   0.961537E+07   0.961488E+07   0.414768E+02
   0.437364E-02   0.181646E+08   0.181606E+08   0.267095E+04   0.469218E+04   0.000000E+00   0.181639E+08   0.181639E+08   0.181639E+08  -0.447424E+00   0.950800E+07   0.950750E+07   0.375107E+02
   0.482913E-02   0.179400E+08   0.179357E+08  -0.580981E+03   0.185922E+05   0.000000E+00   0.179393E+08   0.179393E+08   0.179393E+08  -0.441783E+00   0.938941E+07   0.938892E+07   0.339504E+02
   0.533204E-02   0.176922E+08   0.176874E+08  -0.794931E+03   0.186852E+05   0.000000E+00   0.176915E+08   0.176915E+08   0.176915E+08  -0.435592E+00   0.925887E+07   0.925838E+07   0.305984E+02
   0.588734E-02   0.174199E+08   0.174144E+08   0.658073E+01   0.175386E+05   0.000000E+00   0.174190E+08   0.174190E+08   0.174190E+08  -0.428812E+00   0.911561E+07   0.911513E+07   0.275971E+02
   0.650046E-02   0.171215E+08   0.171153E+08  -0.118334E+04   0.154597E+05   0.000000E+00   0.171205E+08   0.171205E+08   0.171205E+08  -0.421407E+00   0.895889E+07   0.895841E+07   0.249899E+02
   0.717743E-02   0.167959E+08   0.167887E+08  -0.770611E+03   0.127352E+05   0.000000E+00   0.167947E+08   0.167947E+08   0.167947E+08  -0.413340E+00   0.878798E+07   0.878749E+07   0.226020E+02
   0.792491E-02   0.164415E+08   0.164333E+08  -0.121398E+04   0.100829E+05   0.000000E+00   0.164402E+08   0.164402E+08   0.164402E+08  -0.404577E+00   0.860212E+07   0.860163E+07   0.204796E+02
   0.875023E-02   0.160571E+08   0.160476E+08  -0.184946E+04   0.845308E+04   0.000000E+00   0.160556E+08   0.160556E+08   0.160556E+08  -0.395082E+00   0.840059E+07   0.840010E+07   0.185955E+02
   0.966150E-02   0.156413E+08   0.156303E+08  -0.676980E+03   0.709945E+04   0.000000E+00   0.156395E+08   0.156395E+08   0.156395E+08  -0.384819E+00   0.818268E+07   0.818219E+07   0.169057E+02
   0.106677E-01   0.151927E+08   0.151800E+08  -0.125736E+04   0.531619E+04   0.000000E+00   0.151907E+08   0.151907E+08   0.151907E+08  -0.373757E+00   0.794769E+07   0.794720E+07   0.154252E+02
   0.117786E-01   0.147103E+08   0.146955E+08  -0.900349E+03   0.422971E+04   0.000000E+00   0.147079E+08   0.147079E+08   0.147079E+08  -0.361862E+00   0.769494E+07   0.769445E+07   0.140968E+02
   0.130053E-01   0.141927E+08   0.141755E+08  -0.601664E+03   0.345429E+04   0.000000E+00   0.141899E+08   0.141899E+08   0.141899E+08  -0.349106E+00   0.742384E+07   0.742334E+07   0.129283E+02
   0.143597E-01   0.136391E+08   0.136192E+08  -0.675327E+03   0.267144E+04   0.000000E+00   0.136359E+08   0.136359E+08   0.136359E+08  -0.335466E+00   0.713390E+07   0.713339E+07   0.118893E+02
   0.158552E-01   0.130489E+08   0.130260E+08  -0.670384E+03   0.205327E+04   0.000000E+00   0.130452E+08   0.130452E+08   0.130452E+08  -0.320928E+00   0.682484E+07   0.682432E+07   0.109653E+02
   0.175064E-01   0.124224E+08   0.123961E+08  -0.392472E+03   0.170159E+04   0.000000E+00   0.124182E+08   0.124182E+08   0.124182E+08  -0.305496E+00   0.649672E+07   0.649619E+07   0.101310E+02
   0.193295E-01   0.117605E+08   0.117306E+08  -0.417021E+03   0.132548E+04   0.000000E+00   0.117557E+08   0.117557E+08   0.117557E+08  -0.289195E+00   0.615013E+07   0.614959E+07   0.936961E+01
   0.213425E-01   0.110660E+08   0.110323E+08  -0.270415E+03   0.102686E+04   0.000000E+00   0.110606E+08   0.110606E+08   0.110606E+08  -0.272091E+00   0.578644E+07   0.578589E+07   0.865979E+01
   0.235652E-01   0.103435E+08   0.103060E+08  -0.185429E+03   0.738497E+03   0.000000E+00   0.103375E+08   0.103375E+08   0.103375E+08  -0.254300E+00   0.540812E+07   0.540755E+07   0.797718E+01
   0.260194E-01   0.960046E+07   0.955937E+07  -0.175903E+03   0.588625E+03   0.000000E+00   0.959386E+07   0.959386E+07   0.959386E+07  -0.236005E+00   0.501907E+07   0.501850E+07   0.730221E+01
   0.287291E-01   0.884767E+07   0.880356E+07  -0.979756E+02   0.430947E+03   0.000000E+00   0.884058E+07   0.884058E+07   0.884058E+07  -0.217473E+00   0.462498E+07   0.462442E+07   0.661390E+01
   0.317210E-01   0.809965E+07   0.805348E+07  -0.126142E+03   0.336850E+03   0.000000E+00   0.809223E+07   0.809223E+07   0.809223E+07  -0.199064E+00   0.423348E+07   0.423292E+07   0.589617E+01
   0.350245E-01   0.737435E+07   0.732753E+07  -0.670491E+02   0.252775E+03   0.000000E+00   0.736682E+07   0.736682E+07   0.736682E+07  -0.181219E+00   0.385398E+07   0.385344E+07   0.514036E+01
   0.386721E-01   0.669180E+07   0.664616E+07  -0.485438E+02   0.175937E+03   0.000000E+00   0.668446E+07   0.668446E+07   0.668446E+07  -0.164433E+00   0.349700E+07   0.349649E+07   0.434900E+01
   0.426995E-01   0.607126E+07   0.602889E+07  -0.434168E+02   0.134485E+03   0.000000E+00   0.606445E+07   0.606445E+07   0.606445E+07  -0.149181E+00   0.317263E+07   0.317217E+07   0.353954E+01
   0.469694E-01   0.554581E+07   0.550852E+07  -0.384622E+02   0.101767E+03   0.000000E+00   0.553981E+07   0.553981E+07   0.553981E+07  -0.136275E+00   0.289816E+07   0.289776E+07   0.277614E+01
   0.512394E-01   0.513007E+07   0.509869E+07  -0.308455E+02   0.804071E+02   0.000000E+00   0.512503E+07   0.512503E+07   0.512503E+07  -0.126072E+00   0.268115E+07   0.268083E+07   0.213056E+01
   0.555093E-01   0.479503E+07   0.476954E+07  -0.256329E+02   0.619422E+02   0.000000E+00   0.479093E+07   0.479093E+07   0.479093E+07  -0.117854E+00   0.250636E+07   0.250609E+07   0.161483E+01
   0.597792E-01   0.451319E+07   0.449287E+07  -0.154075E+02   0.527737E+02   0.000000E+00   0.450993E+07   0.450993E+07   0.450993E+07  -0.110942E+00   0.235935E+07   0.235913E+07   0.122983E+01
   0.640492E-01   0.426149E+07   0.424511E+07  -0.120205E+02   0.409493E+02   0.000000E+00   0.425886E+07   0.425886E+07   0.425886E+07  -0.104766E+00   0.222800E+07   0.222781E+07   0.965426E+00
   0.683191E-01   0.402318E+07   0.400928E+07  -0.104388E+02   0.362551E+02   0.000000E+00   0.402095E+07   0.402095E+07   0.402095E+07  -0.989142E-01   0.210353E+07   0.210337E+07   0.802737E+00
   0.725891E-01   0.378853E+07   0.377571E+07  -0.101663E+02   0.283020E+02   0.000000E+00   0.378647E+07   0.378647E+07   0.378647E+07  -0.931467E-01   0.198087E+07   0.198072E+07   0.717526E+00
   0.768590E-01   0.355430E+07   0.354138E+07  -0.721555E+01   0.251962E+02   0.000000E+00   0.355223E+07   0.355223E+07   0.355223E+07  -0.873849E-01   0.185833E+07   0.185817E+07   0.683805E+00
   0.811290E-01   0.332261E+07   0.330882E+07  -0.124142E+02   0.199945E+02   0.000000E+00   0.332039E+07   0.332039E+07   0.332039E+07  -0.816824E-01   0.173705E+07   0.173688E+07   0.677219E+00
   0.853989E-01   0.309893E+07   0.308395E+07  -0.381746E+01   0.175291E+02   0.000000E+00   0.309652E+07   0.309652E+07   0.309652E+07  -0.761757E-01   0.161993E+07   0.161976E+07   0.677600E+00
   0.896689E-01   0.288990E+07   0.287386E+07  -0.894503E+01   0.144210E+02   0.000000E+00   0.288733E+07   0.288733E+07   0.288733E+07  -0.710300E-01   0.151050E+07   0.151032E+07   0.670553E+00
   0.950018E-01   0.265842E+07   0.264166E+07  -0.525902E+01   0.122272E+02   0.000000E+00   0.265573E+07   0.265573E+07   0.265573E+07  -0.653335E-01   0.138934E+07   0.138916E+07   0.639573E+00
   0.100335E+00   0.246617E+07   0.244970E+07  -0.940994E+01   0.102281E+02   0.000000E+00   0.246352E+07   0.246352E+07   0.246352E+07  -0.606057E-01   0.128879E+07   0.128861E+07   0.581467E+00
   0.105668E+00   0.231348E+07   0.229828E+07  -0.522926E+01   0.838442E+01   0.000000E+00   0.231104E+07   0.231104E+07   0.231104E+07  -0.568554E-01   0.120902E+07   0.120886E+07   0.503284E+00
   0.111000E+00   0.219432E+07   0.218107E+07  -0.245677E+00   0.694922E+01   0.000000E+00   0.219219E+07   0.219219E+07   0.219219E+07  -0.539323E-01   0.114684E+07   0.114670E+07   0.417499E+00
   0.116333E+00   0.209838E+07   0.208732E+07  -0.316129E+01   0.604846E+01   0.000000E+00   0.209661E+07   0.209661E+07   0.209661E+07  -0.515817E-01   0.109683E+07   0.109671E+07   0.337183E+00
   0.121666E+00   0.201418E+07   0.200509E+07  -0.349521E+01   0.550606E+01   0.000000E+00   0.201272E+07   0.201272E+07   0.201272E+07  -0.495190E-01   0.105295E+07   0.105285E+07   0.272313E+00
   0.126999E+00   0.193192E+07   0.192425E+07  -0.250009E+01   0.501100E+01   0.000000E+00   0.193069E+07   0.193069E+07   0.193069E+07  -0.475017E-01   0.101003E+07   0.100994E+07   0.227817E+00
   0.132332E+00   0.184549E+07   0.183853E+07  -0.290880E+01   0.439094E+01   0.000000E+00   0.184437E+07   0.184437E+07   0.184437E+07  -0.453791E-01   0.964870E+06   0.964789E+06   0.203357E+00
   0.137665E+00   0.175321E+07   0.174633E+07  -0.193595E+01   0.371242E+01   0.000000E+00   0.175210E+07   0.175210E+07   0.175210E+07  -0.431101E-01   0.916602E+06   0.916522E+06   0.194494E+00
   0.142998E+00   0.165729E+07   0.165003E+07  -0.173130E+01   0.314815E+01   0.000000E+00   0.165612E+07   0.165612E+07   0.165612E+07  -0.407496E-01   0.866391E+06   0.866307E+06   0.194615E+00
   0.148331E+00   0.156236E+07   0.155456E+07  -0.142435E+01   0.278222E+01   0.000000E+00   0.156110E+07   0.156110E+07   0.156110E+07  -0.384128E-01   0.816684E+06   0.816597E+06   0.196967E+00
   0.153664E+00   0.147367E+07   0.146542E+07  -0.682230E+00   0.254497E+01   0.000000E+00   0.147234E+07   0.147234E+07   0.147234E+07  -0.362299E-01   0.770252E+06   0.770161E+06   0.196277E+00
   0.158997E+00   0.139544E+07   0.138703E+07  -0.182629E+01   0.230988E+01   0.000000E+00   0.139409E+07   0.139409E+07   0.139409E+07  -0.343053E-01   0.729312E+06   0.729221E+06   0.189662E+00
   0.164329E+00   0.132975E+07   0.132156E+07  -0.156188E+01   0.202419E+01   0.000000E+00   0.132843E+07   0.132843E+07   0.132843E+07  -0.326908E-01   0.694965E+06   0.694878E+06   0.176747E+00
   0.169662E+00   0.127624E+07   0.126860E+07  -0.229416E+00   0.174113E+01   0.000000E+00   0.127501E+07   0.127501E+07   0.127501E+07  -0.313774E-01   0.667019E+06   0.666938E+06   0.159157E+00
   0.174995E+00   0.123249E+07   0.122560E+07  -0.107159E+01   0.154233E+01   0.000000E+00   0.123138E+07   0.123138E+07   0.123138E+07  -0.303046E-01   0.644192E+06   0.644118E+06   0.139635E+00
   0.180328E+00   0.119484E+07   0.118877E+07  -0.112429E+01   0.144457E+01   0.000000E+00   0.119387E+07   0.119387E+07   0.119387E+07  -0.293825E-01   0.624567E+06   0.624502E+06   0.121078E+00
   0.185661E+00   0.115953E+07   0.115418E+07  -0.262303E-01   0.138564E+01   0.000000E+00   0.115867E+07   0.115867E+07   0.115867E+07  -0.285172E-01   0.606154E+06   0.606095E+06   0.105756E+00
   0.190994E+00   0.112354E+07   0.111869E+07  -0.533031E+00   0.129134E+01   0.000000E+00   0.112276E+07   0.112276E+07   0.112276E+07  -0.276342E-01   0.587368E+06   0.587313E+06   0.948554E-01
   0.196327E+00   0.108522E+07   0.108063E+07  -0.876767E+00   0.114599E+01   0.000000E+00   0.108449E+07   0.108449E+07   0.108449E+07  -0.266928E-01   0.567343E+06   0.567291E+06   0.883901E-01
   0.201660E+00   0.104443E+07   0.103988E+07  -0.388404E+00   0.996686E+00   0.000000E+00   0.104370E+07   0.104370E+07   0.104370E+07  -0.256896E-01   0.546007E+06   0.545956E+06   0.854263E-01
   0.206993E+00   0.100228E+07   0.997618E+06  -0.570199E+00   0.895831E+00   0.000000E+00   0.100153E+07   0.100153E+07   0.100153E+07  -0.246521E-01   0.523947E+06   0.523894E+06   0.844935E-01
   0.212325E+00   0.960595E+06   0.955771E+06  -0.623884E+00   0.847891E+00   0.000000E+00   0.959820E+06   0.959820E+06   0.959820E+06  -0.236257E-01   0.502126E+06   0.502072E+06   0.840441E-01
   0.217658E+00   0.921299E+06   0.916357E+06  -0.311294E+00   0.811513E+00   0.000000E+00   0.920505E+06   0.920505E+06   0.920505E+06  -0.226582E-01   0.481559E+06   0.481505E+06   0.828388E-01
   0.222991E+00   0.885876E+06   0.880920E+06  -0.190627E+00   0.748185E+00   0.000000E+00   0.885079E+06   0.885079E+06   0.885079E+06  -0.217862E-01   0.463026E+06   0.462972E+06   0.801770E-01
   0.228324E+00   0.855023E+06   0.850184E+06  -0.115164E+00   0.660265E+00   0.000000E+00   0.854245E+06   0.854245E+06   0.854245E+06  -0.210272E-01   0.446896E+06   0.446844E+06   0.759491E-01
   0.233657E+00   0.828576E+06   0.823970E+06  -0.334696E+00   0.583089E+00   0.000000E+00   0.827836E+06   0.827836E+06   0.827836E+06  -0.203770E-01   0.433080E+06   0.433030E+06   0.705347E-01
   0.238990E+00   0.805660E+06   0.801360E+06  -0.489529E+00   0.543758E+00   0.000000E+00   0.804969E+06   0.804969E+06   0.804969E+06  -0.198139E-01   0.421116E+06   0.421070E+06   0.646022E-01
   0.244323E+00   0.784992E+06   0.781018E+06  -0.202411E+00   0.533540E+00   0.000000E+00   0.784353E+06   0.784353E+06   0.784353E+06  -0.193062E-01   0.410331E+06   0.410288E+06   0.588799E-01
   0.249656E+00   0.765253E+06   0.761569E+06  -0.190255E+00   0.519598E+00   0.000000E+00   0.764661E+06   0.764661E+06   0.764661E+06  -0.188211E-01   0.400029E+06   0.399988E+06   0.539589E-01
   0.254989E+00   0.745395E+06   0.741930E+06  -0.247905E+00   0.480422E+00   0.000000E+00   0.744838E+06   0.744838E+06   0.744838E+06  -0.183329E-01   0.389659E+06   0.389620E+06   0.501708E-01
   0.260321E+00   0.724846E+06   0.721512E+06  -0.471020E-02   0.425424E+00   0.000000E+00   0.724310E+06   0.724310E+06   0.724310E+06  -0.178272E-01   0.378919E+06   0.378882E+06   0.475533E-01
   0.265654E+00   0.703550E+06   0.700269E+06  -0.131783E+00   0.381319E+00   0.000000E+00   0.703023E+06   0.703023E+06   0.703023E+06  -0.173029E-01   0.367783E+06   0.367747E+06   0.458953E-01
   0.270987E+00   0.681889E+06   0.678608E+06  -0.380819E+00   0.362402E+00   0.000000E+00   0.681362E+06   0.681362E+06   0.681362E+06  -0.167694E-01   0.356452E+06   0.356415E+06   0.448338E-01
   0.276320E+00   0.660499E+06   0.657195E+06  -0.198575E+00   0.357540E+00   0.000000E+00   0.659968E+06   0.659968E+06   0.659968E+06  -0.162425E-01   0.345260E+06   0.345223E+06   0.439693E-01
   0.281653E+00   0.640056E+06   0.636742E+06  -0.707242E-01   0.344115E+00   0.000000E+00   0.639524E+06   0.639524E+06   0.639524E+06  -0.157390E-01   0.334564E+06   0.334528E+06   0.429668E-01
   0.286986E+00   0.621093E+06   0.617802E+06  -0.115874E+00   0.313012E+00   0.000000E+00   0.620564E+06   0.620564E+06   0.620564E+06  -0.152720E-01   0.324646E+06   0.324610E+06   0.416224E-01
   0.292319E+00   0.603880E+06   0.600655E+06  -0.714760E-01   0.276337E+00   0.000000E+00   0.603361E+06   0.603361E+06   0.603361E+06  -0.148483E-01   0.315646E+06   0.315611E+06   0.398843E-01
   0.297652E+00   0.588384E+06   0.585267E+06  -0.916157E-01   0.252800E+00   0.000000E+00   0.587883E+06   0.587883E+06   0.587883E+06  -0.144671E-01   0.307549E+06   0.307515E+06   0.378335E-01
   0.302985E+00   0.574325E+06   0.571341E+06  -0.167122E+00   0.247523E+00   0.000000E+00   0.573846E+06   0.573846E+06   0.573846E+06  -0.141214E-01   0.300205E+06   0.300173E+06   0.356363E-01
   0.308318E+00   0.561268E+06   0.558426E+06  -0.163361E+00   0.247912E+00   0.000000E+00   0.560812E+06   0.560812E+06   0.560812E+06  -0.138004E-01   0.293386E+06   0.293355E+06   0.334853E-01
   0.313650E+00   0.548751E+06   0.546041E+06  -0.110057E+00   0.238135E+00   0.000000E+00   0.548316E+06   0.548316E+06   0.548316E+06  -0.134926E-01   0.286849E+06   0.286819E+06   0.315462E-01
   0.318983E+00   0.536392E+06   0.533789E+06  -0.327978E-01   0.215476E+00   0.000000E+00   0.535974E+06   0.535974E+06   0.535974E+06  -0.131887E-01   0.280392E+06   0.280364E+06   0.299211E-01
   0.324316E+00   0.523962E+06   0.521437E+06  -0.416560E-01   0.191792E+00   0.000000E+00   0.523556E+06   0.523556E+06   0.523556E+06  -0.128829E-01   0.273896E+06   0.273868E+06   0.286349E-01
   0.329649E+00   0.511411E+06   0.508936E+06  -0.118735E+00   0.179644E+00   0.000000E+00   0.511013E+06   0.511013E+06   0.511013E+06  -0.125741E-01   0.267334E+06   0.267307E+06   0.276430E-01
   0.334982E+00   0.498843E+06   0.496396E+06  -0.101309E+00   0.179039E+00   0.000000E+00   0.498450E+06   0.498450E+06   0.498450E+06  -0.122647E-01   0.260762E+06   0.260735E+06   0.268538E-01
   0.340315E+00   0.486459E+06   0.484030E+06  -0.798773E-01   0.178704E+00   0.000000E+00   0.486068E+06   0.486068E+06   0.486068E+06  -0.119599E-01   0.254285E+06   0.254258E+06   0.261592E-01
   0.345648E+00   0.474487E+06   0.472077E+06  -0.104792E+00   0.168711E+00   0.000000E+00   0.474099E+06   0.474099E+06   0.474099E+06  -0.116653E-01   0.248023E+06   0.247997E+06   0.254628E-01
   0.350981E+00   0.463118E+06   0.460737E+06  -0.519993E-01   0.150786E+00   0.000000E+00   0.462735E+06   0.462735E+06   0.462735E+06  -0.113855E-01   0.242078E+06   0.242052E+06   0.246995E-01
   0.356314E+00   0.452460E+06   0.450122E+06  -0.152489E-01   0.135344E+00   0.000000E+00   0.452084E+06   0.452084E+06   0.452084E+06  -0.111233E-01   0.236506E+06   0.236480E+06   0.238448E-01
   0.361647E+00   0.442520E+06   0.440239E+06  -0.704196E-01   0.130070E+00   0.000000E+00   0.442154E+06   0.442154E+06   0.442154E+06  -0.108788E-01   0.231311E+06   0.231286E+06   0.229118E-01
   0.366979E+00   0.433219E+06   0.431003E+06  -0.854280E-01   0.132010E+00   0.000000E+00   0.432863E+06   0.432863E+06   0.432863E+06  -0.106501E-01   0.226450E+06   0.226426E+06   0.219403E-01
   0.372312E+00   0.424413E+06   0.422267E+06  -0.571298E-01   0.131410E+00   0.000000E+00   0.424069E+06   0.424069E+06   0.424069E+06  -0.104336E-01   0.221850E+06   0.221826E+06   0.209817E-01
   0.377645E+00   0.415945E+06   0.413866E+06  -0.564027E-01   0.122545E+00   0.000000E+00   0.415611E+06   0.415611E+06   0.415611E+06  -0.102255E-01   0.217425E+06   0.217402E+06   0.200835E-01
   0.382978E+00   0.407672E+06   0.405653E+06  -0.524758E-01   0.109192E+00   0.000000E+00   0.407348E+06   0.407348E+06   0.407348E+06  -0.100221E-01   0.213102E+06   0.213080E+06   0.192785E-01
   0.388311E+00   0.399500E+06   0.397530E+06  -0.386183E-01   0.998906E-01   0.000000E+00   0.399184E+06   0.399184E+06   0.399184E+06  -0.982111E-02   0.208831E+06   0.208810E+06   0.185790E-01
   0.393644E+00   0.391393E+06   0.389461E+06  -0.394621E-01   0.985275E-01   0.000000E+00   0.391083E+06   0.391083E+06   0.391083E+06  -0.962171E-02   0.204593E+06   0.204572E+06   0.179775E-01
   0.398977E+00   0.383367E+06   0.381466E+06  -0.512717E-01   0.100727E+00   0.000000E+00   0.383062E+06   0.383062E+06   0.383062E+06  -0.942431E-02   0.200397E+06   0.200376E+06   0.174515E-01
   0.404310E+00   0.375480E+06   0.373604E+06  -0.575143E-01   0.989163E-01   0.000000E+00   0.375178E+06   0.375178E+06   0.375178E+06  -0.923028E-02   0.196273E+06   0.196252E+06   0.169718E-01
   0.409643E+00   0.367802E+06   0.365951E+06  -0.418627E-01   0.906287E-01   0.000000E+00   0.367504E+06   0.367504E+06   0.367504E+06  -0.904143E-02   0.192258E+06   0.192238E+06   0.165096E-01
   0.414975E+00   0.360400E+06   0.358575E+06  -0.287720E-01   0.806011E-01   0.000000E+00   0.360106E+06   0.360106E+06   0.360106E+06  -0.885935E-02   0.188388E+06   0.188368E+06   0.160436E-01
   0.420308E+00   0.353314E+06   0.351520E+06  -0.379315E-01   0.753074E-01   0.000000E+00   0.353026E+06   0.353026E+06   0.353026E+06  -0.868511E-02   0.184684E+06   0.184664E+06   0.155628E-01
   0.425641E+00   0.346557E+06   0.344796E+06  -0.362217E-01   0.760052E-01   0.000000E+00   0.346274E+06   0.346274E+06   0.346274E+06  -0.851895E-02   0.181152E+06   0.181133E+06   0.150673E-01
   0.430974E+00   0.340107E+06   0.338384E+06  -0.274552E-01   0.778618E-01   0.000000E+00   0.339830E+06   0.339830E+06   0.339830E+06  -0.836036E-02   0.177781E+06   0.177762E+06   0.145655E-01
   0.436307E+00   0.333921E+06   0.332237E+06  -0.376655E-01   0.753427E-01   0.000000E+00   0.333650E+06   0.333650E+06   0.333650E+06  -0.820829E-02   0.174548E+06   0.174529E+06   0.140704E-01
   0.441640E+00   0.327945E+06   0.326299E+06  -0.399264E-01   0.681207E-01   0.000000E+00   0.327680E+06   0.327680E+06   0.327680E+06  -0.806137E-02   0.171425E+06   0.171407E+06   0.135955E-01
   0.446973E+00   0.322127E+06   0.320517E+06  -0.268907E-01   0.610540E-01   0.000000E+00   0.321868E+06   0.321868E+06   0.321868E+06  -0.791835E-02   0.168384E+06   0.168366E+06   0.131513E-01
   0.452306E+00   0.316428E+06   0.314851E+06  -0.265001E-01   0.586193E-01   0.000000E+00   0.316175E+06   0.316175E+06   0.316175E+06  -0.777824E-02   0.165405E+06   0.165388E+06   0.127428E-01
   0.457639E+00   0.310827E+06   0.309278E+06  -0.307401E-01   0.602771E-01   0.000000E+00   0.310578E+06   0.310578E+06   0.310578E+06  -0.764052E-02   0.162477E+06   0.162460E+06   0.123698E-01
   0.462971E+00   0.305320E+06   0.303797E+06  -0.258279E-01   0.613340E-01   0.000000E+00   0.305075E+06   0.305075E+06   0.305075E+06  -0.750512E-02   0.159599E+06   0.159582E+06   0.120271E-01
   0.468304E+00   0.299920E+06   0.298420E+06  -0.231926E-01   0.581905E-01   0.000000E+00   0.299679E+06   0.299679E+06   0.299679E+06  -0.737233E-02   0.156776E+06   0.156759E+06   0.117070E-01
   0.473637E+00   0.294646E+06   0.293167E+06  -0.258642E-01   0.520142E-01   0.000000E+00   0.294408E+06   0.294408E+06   0.294408E+06  -0.724263E-02   0.154018E+06   0.154002E+06   0.114009E-01
   0.478970E+00   0.289518E+06   0.288061E+06  -0.260112E-01   0.472272E-01   0.000000E+00   0.289283E+06   0.289283E+06   0.289283E+06  -0.711654E-02   0.151337E+06   0.151321E+06   0.111019E-01
   0.484303E+00   0.284551E+06   0.283116E+06  -0.217592E-01   0.466008E-01   0.000000E+00   0.284320E+06   0.284320E+06   0.284320E+06  -0.699441E-02   0.148741E+06   0.148725E+06   0.108055E-01
   0.489636E+00   0.279750E+06   0.278339E+06  -0.192253E-01   0.484303E-01   0.000000E+00   0.279524E+06   0.279524E+06   0.279524E+06  -0.687639E-02   0.146232E+06   0.146216E+06   0.105101E-01
   0.494969E+00   0.275112E+06   0.273725E+06  -0.216470E-01   0.486838E-01   0.000000E+00   0.274889E+06   0.274889E+06   0.274889E+06  -0.676236E-02   0.143807E+06   0.143792E+06   0.102171E-01
   0.500302E+00   0.270623E+06   0.269261E+06  -0.214060E-01   0.452896E-01   0.000000E+00   0.270404E+06   0.270404E+06   0.270404E+06  -0.665201E-02   0.141461E+06   0.141446E+06   0.992925E-02
   0.505635E+00   0.266265E+06   0.264928E+06  -0.184598E-01   0.402888E-01   0.000000E+00   0.266050E+06   0.266050E+06   0.266050E+06  -0.654489E-02   0.139183E+06   0.139169E+06   0.965023E-02
   0.510968E+00   0.262020E+06   0.260707E+06  -0.203901E-01   0.373866E-01   0.000000E+00   0.261809E+06   0.261809E+06   0.261809E+06  -0.644054E-02   0.136964E+06   0.136950E+06   0.938312E-02
   0.516300E+00   0.257872E+06   0.256581E+06  -0.207879E-01   0.378850E-01   0.000000E+00   0.257664E+06   0.257664E+06   0.257664E+06  -0.633856E-02   0.134796E+06   0.134782E+06   0.912985E-02
   0.521633E+00   0.253809E+06   0.252539E+06  -0.156433E-01   0.395175E-01   0.000000E+00   0.253605E+06   0.253605E+06   0.253605E+06  -0.623868E-02   0.132672E+06   0.132658E+06   0.889083E-02
   0.526966E+00   0.249827E+06   0.248577E+06  -0.144317E-01   0.389955E-01   0.000000E+00   0.249626E+06   0.249626E+06   0.249626E+06  -0.614079E-02   0.130591E+06   0.130577E+06   0.866507E-02
   0.532299E+00   0.245926E+06   0.244694E+06  -0.165705E-01   0.355981E-01   0.000000E+00   0.245728E+06   0.245728E+06   0.245728E+06  -0.604488E-02   0.128551E+06   0.128538E+06   0.845054E-02
   0.537632E+00   0.242109E+06   0.240895E+06  -0.156801E-01   0.317247E-01   0.000000E+00   0.241914E+06   0.241914E+06   0.241914E+06  -0.595105E-02   0.126556E+06   0.126543E+06   0.824482E-02
   0.542965E+00   0.238382E+06   0.237186E+06  -0.149345E-01   0.302160E-01   0.000000E+00   0.238190E+06   0.238190E+06   0.238190E+06  -0.585942E-02   0.124608E+06   0.124595E+06   0.804561E-02
   0.548298E+00   0.234749E+06   0.233570E+06  -0.156681E-01   0.312952E-01   0.000000E+00   0.234559E+06   0.234559E+06   0.234559E+06  -0.577010E-02   0.122709E+06   0.122696E+06   0.785119E-02
   0.553631E+00   0.231211E+06   0.230049E+06  -0.146214E-01   0.324801E-01   0.000000E+00   0.231025E+06   0.231025E+06   0.231025E+06  -0.568314E-02   0.120860E+06   0.120847E+06   0.766061E-02
   0.558964E+00   0.227768E+06   0.226624E+06  -0.127210E-01   0.313621E-01   0.000000E+00   0.227584E+06   0.227584E+06   0.227584E+06  -0.559851E-02   0.119060E+06   0.119047E+06   0.747374E-02
   0.564296E+00   0.224416E+06   0.223288E+06  -0.123783E-01   0.281921E-01   0.000000E+00   0.224235E+06   0.224235E+06   0.224235E+06  -0.551610E-02   0.117307E+06   0.117295E+06   0.729103E-02
   0.569629E+00   0.221148E+06   0.220037E+06  -0.133494E-01   0.253852E-01   0.000000E+00   0.220969E+06   0.220969E+06   0.220969E+06  -0.543576E-02   0.115599E+06   0.115587E+06   0.711328E-02
   0.574962E+00   0.217957E+06   0.216863E+06  -0.133460E-01   0.249337E-01   0.000000E+00   0.217781E+06   0.217781E+06   0.217781E+06  -0.535734E-02   0.113931E+06   0.113919E+06   0.694130E-02
   0.580295E+00   0.214837E+06   0.213760E+06  -0.118090E-01   0.262191E-01   0.000000E+00   0.214664E+06   0.214664E+06   0.214664E+06  -0.528066E-02   0.112301E+06   0.112289E+06   0.677570E-02
   0.585628E+00   0.211783E+06   0.210722E+06  -0.111449E-01   0.268656E-01   0.000000E+00   0.211613E+06   0.211613E+06   0.211613E+06  -0.520559E-02   0.110704E+06   0.110693E+06   0.661670E-02
   0.590961E+00   0.208791E+06   0.207745E+06  -0.110450E-01   0.253362E-01   0.000000E+00   0.208623E+06   0.208623E+06   0.208623E+06  -0.513205E-02   0.109140E+06   0.109129E+06   0.646413E-02
   0.596294E+00   0.205860E+06   0.204828E+06  -0.994856E-02   0.226157E-01   0.000000E+00   0.205694E+06   0.205694E+06   0.205694E+06  -0.506000E-02   0.107608E+06   0.107597E+06   0.631749E-02
   0.601627E+00   0.202988E+06   0.201971E+06  -0.100576E-01   0.189845E-01   0.000000E+00   0.202825E+06   0.202825E+06   0.202825E+06  -0.498942E-02   0.106107E+06   0.106096E+06   0.617607E-02
   0.606960E+00   0.200178E+06   0.199173E+06  -0.107482E-01   0.283192E-01   0.000000E+00   0.200016E+06   0.200016E+06   0.200016E+06  -0.492031E-02   0.104638E+06   0.104627E+06   0.603913E-02
   0.612293E+00   0.197428E+06   0.196437E+06  -0.103656E-01   0.244993E-01   0.000000E+00   0.197268E+06   0.197268E+06   0.197268E+06  -0.485274E-02   0.103200E+06   0.103189E+06   0.590604E-02
   0.617625E+00   0.194739E+06   0.193762E+06  -0.916470E-02   0.245592E-01   0.000000E+00   0.194582E+06   0.194582E+06   0.194582E+06  -0.478663E-02   0.101795E+06   0.101784E+06   0.577635E-02
   0.622958E+00   0.192111E+06   0.191146E+06  -0.925938E-02   0.195563E-01   0.000000E+00   0.191956E+06   0.191956E+06   0.191956E+06  -0.472201E-02   0.100421E+06   0.100410E+06   0.564981E-02
   0.670453E+00   0.171018E+06   0.170160E+06  -0.643729E-02   0.189751E-01   0.000000E+00   0.170880E+06   0.170880E+06   0.170880E+06  -0.420358E-02   0.893951E+05   0.893857E+05   0.466959E-02
   0.721568E+00   0.152121E+06   0.151359E+06  -0.506664E-02   0.113742E-01   0.000000E+00   0.151999E+06   0.151999E+06   0.151999E+06  -0.373908E-02   0.795175E+05   0.795091E+05   0.385901E-02
   0.776580E+00   0.135222E+06   0.134544E+06  -0.414452E-02   0.898590E-02   0.000000E+00   0.135113E+06   0.135113E+06   0.135113E+06  -0.332367E-02   0.706840E+05   0.706765E+05   0.318748E-02
   0.835786E+00   0.120123E+06   0.119521E+06  -0.313422E-02   0.635823E-02   0.000000E+00   0.120026E+06   0.120026E+06   0.120026E+06  -0.295251E-02   0.627912E+05   0.627846E+05   0.263094E-02
   0.899507E+00   0.106642E+06   0.106108E+06  -0.240232E-02   0.547475E-02   0.000000E+00   0.106557E+06   0.106557E+06   0.106557E+06  -0.262115E-02   0.557446E+05   0.557387E+05   0.217025E-02
   0.968085E+00   0.946184E+05   0.941442E+05  -0.139297E-02   0.375503E-02   0.000000E+00   0.945422E+05   0.945422E+05   0.945422E+05  -0.232560E-02   0.494593E+05   0.494541E+05   0.178923E-02
   0.104189E+01   0.839009E+05   0.834805E+05  -0.153076E-02   0.272186E-02   0.000000E+00   0.838334E+05   0.838334E+05   0.838334E+05  -0.206218E-02   0.438571E+05   0.438524E+05   0.147431E-02
   0.112133E+01   0.743544E+05   0.739818E+05  -0.115384E-02   0.218325E-02   0.000000E+00   0.742945E+05   0.742945E+05   0.742945E+05  -0.182753E-02   0.388668E+05   0.388627E+05   0.121417E-02
   0.116665E+01   0.696492E+05   0.693002E+05   0.202675E-03   0.167511E-02   0.000000E+00   0.695931E+05   0.695931E+05   0.695931E+05  -0.171188E-02   0.364073E+05   0.364035E+05   0.109323E-02
   0.141917E+01   0.503000E+05   0.500480E+05   0.323800E-03   0.248981E-02   0.000000E+00   0.502595E+05   0.502595E+05   0.502595E+05  -0.123629E-02   0.262931E+05   0.262903E+05   0.649522E-03
   0.172634E+01   0.361996E+05   0.360183E+05   0.621663E-04   0.487356E-02   0.000000E+00   0.361705E+05   0.361705E+05   0.361705E+05  -0.889724E-03   0.189224E+05   0.189204E+05   0.384760E-03
   0.210000E+01   0.259687E+05   0.258386E+05   0.284482E-04   0.437788E-02   0.000000E+00   0.259478E+05   0.259478E+05   0.259478E+05  -0.638264E-03   0.135745E+05   0.135730E+05   0.227366E-03
