#          k/h    CDM            baryon         photon         nu             mass_nu        total          no_nu          total_de       Weyl           v_CDM          v_b            v_b-v_c     
   0.103826E-04   0.192117E+08   0.192117E+08   0.256017E+08   0.256014E+08   0.000000E+00   0.192117E+08   0.192117E+08   0.192194E+08  -0.475087E+00   0.102428E+08   0.102428E+08   0.532585E+01
   0.114639E-04   0.192117E+08   0.192117E+08   0.255987E+08   0.255983E+08   0.000000E+00   0.192117E+08   0.192117E+08   0.192194E+08  -0.475088E+00   0.102428E+08   0.102428E+08   0.588029E+01
   0.126578E-04   0.192117E+08   0.192117E+08   0.255950E+08   0.255946E+08   0.000000E+00   0.192117E+08   0.192117E+08   0.192194E+08  -0.475090E+00   0.102428E+08   0.102428E+08   0.649242E+01
   0.139760E-04   0.192118E+08   0.192118E+08   0.255906E+08   0.255900E+08   0.000000E+00   0.192118E+08   0.192118E+08   0.192194E+08  -0.475092E+00   0.102428E+08   0.102428E+08   0.716820E+01
   0.154315E-04   0.192118E+08   0.192118E+08   0.255851E+08   0.255844E+08   0.000000E+00   0.192118E+08   0.192118E+08   0.192195E+08  -0.475094E+00   0.102428E+08   0.102428E+08   0.791423E+01
   0.170386E-04   0.192118E+08   0.192118E+08   0.255785E+08   0.255776E+08   0.000000E+00   0.192118E+08   0.192118E+08   0.192195E+08  -0.475098E+00   0.102429E+08   0.102429E+08   0.873779E+01
   0.188130E-04   0.192119E+08   0.192119E+08   0.255704E+08   0.255694E+08   0.000000E+00   0.192119E+08   0.192119E+08   0.192196E+08  -0.475101E+00   0.102429E+08   0.102429E+08   0.964689E+01
   0.207723E-04   0.192120E+08   0.192120E+08   0.255605E+08   0.255593E+08   0.000000E+00   0.192120E+08   0.192120E+08   0.192196E+08  -0.475106E+00   0.102429E+08   0.102429E+08   0.106504E+02
   0.229355E-04   0.192120E+08   0.192120E+08   0.255485E+08   0.255470E+08   0.000000E+00   0.192120E+08   0.192120E+08   0.192197E+08  -0.475112E+00   0.102429E+08   0.102429E+08   0.117579E+02
   0.253241E-04   0.192121E+08   0.192121E+08   0.255338E+08   0.255320E+08   0.000000E+00   0.192121E+08   0.192121E+08   0.192198E+08  -0.475119E+00   0.102430E+08   0.102430E+08   0.129803E+02
   0.279614E-04   0.192123E+08   0.192122E+08   0.255159E+08   0.255137E+08   0.000000E+00   0.192123E+08   0.192123E+08   0.192199E+08  -0.475127E+00   0.102430E+08   0.102430E+08   0.143292E+02
   0.308734E-04   0.192124E+08   0.192124E+08   0.254942E+08   0.254915E+08   0.000000E+00   0.192124E+08   0.192124E+08   0.192201E+08  -0.475137E+00   0.102431E+08   0.102431E+08   0.158177E+02
   0.340887E-04   0.192126E+08   0.192126E+08   0.254677E+08   0.254644E+08   0.000000E+00   0.192126E+08   0.192126E+08   0.192202E+08  -0.475150E+00   0.102432E+08   0.102432E+08   0.174598E+02
   0.376387E-04   0.192128E+08   0.192128E+08   0.254354E+08   0.254314E+08   0.000000E+00   0.192128E+08   0.192128E+08   0.192204E+08  -0.475165E+00   0.102432E+08   0.102432E+08   0.192711E+02
   0.415585E-04   0.192131E+08   0.192130E+08   0.253961E+08   0.253913E+08   0.000000E+00   0.192131E+08   0.192131E+08   0.192207E+08  -0.475184E+00   0.102434E+08   0.102434E+08   0.212686E+02
   0.458865E-04   0.192134E+08   0.192134E+08   0.253482E+08   0.253424E+08   0.000000E+00   0.192134E+08   0.192134E+08   0.192210E+08  -0.475206E+00   0.102435E+08   0.102435E+08   0.234710E+02
   0.506653E-04   0.192138E+08   0.192138E+08   0.252900E+08   0.252829E+08   0.000000E+00   0.192138E+08   0.192138E+08   0.192214E+08  -0.475234E+00   0.102436E+08   0.102436E+08   0.258983E+02
   0.559417E-04   0.192142E+08   0.192142E+08   0.252192E+08   0.252105E+08   0.000000E+00   0.192142E+08   0.192142E+08   0.192218E+08  -0.475267E+00   0.102438E+08   0.102438E+08   0.285725E+02
   0.617676E-04   0.192148E+08   0.192148E+08   0.251332E+08   0.251226E+08   0.000000E+00   0.192148E+08   0.192148E+08   0.192224E+08  -0.475308E+00   0.102441E+08   0.102441E+08   0.315174E+02
   0.682003E-04   0.192155E+08   0.192155E+08   0.250286E+08   0.250157E+08   0.000000E+00   0.192155E+08   0.192155E+08   0.192230E+08  -0.475357E+00   0.102444E+08   0.102444E+08   0.347583E+02
   0.753028E-04   0.192164E+08   0.192164E+08   0.249016E+08   0.248860E+08   0.000000E+00   0.192164E+08   0.192164E+08   0.192239E+08  -0.475418E+00   0.102447E+08   0.102447E+08   0.383226E+02
   0.831451E-04   0.192174E+08   0.192174E+08   0.247476E+08   0.247287E+08   0.000000E+00   0.192174E+08   0.192174E+08   0.192249E+08  -0.475491E+00   0.102451E+08   0.102451E+08   0.422390E+02
   0.918040E-04   0.192187E+08   0.192187E+08   0.245611E+08   0.245381E+08   0.000000E+00   0.192187E+08   0.192187E+08   0.192261E+08  -0.475580E+00   0.102456E+08   0.102456E+08   0.465377E+02
   0.101365E-03   0.192202E+08   0.192202E+08   0.243354E+08   0.243075E+08   0.000000E+00   0.192202E+08   0.192202E+08   0.192275E+08  -0.475687E+00   0.102463E+08   0.102462E+08   0.512499E+02
   0.111921E-03   0.192221E+08   0.192221E+08   0.240628E+08   0.240291E+08   0.000000E+00   0.192221E+08   0.192221E+08   0.192293E+08  -0.475817E+00   0.102470E+08   0.102470E+08   0.564070E+02
   0.123577E-03   0.192244E+08   0.192243E+08   0.237342E+08   0.236936E+08   0.000000E+00   0.192244E+08   0.192244E+08   0.192315E+08  -0.475974E+00   0.102479E+08   0.102479E+08   0.620399E+02
   0.136446E-03   0.192271E+08   0.192270E+08   0.233391E+08   0.232902E+08   0.000000E+00   0.192271E+08   0.192271E+08   0.192341E+08  -0.476164E+00   0.102490E+08   0.102490E+08   0.681778E+02
   0.150656E-03   0.192304E+08   0.192304E+08   0.228656E+08   0.228069E+08   0.000000E+00   0.192304E+08   0.192304E+08   0.192373E+08  -0.476393E+00   0.102503E+08   0.102503E+08   0.748461E+02
   0.166346E-03   0.192345E+08   0.192343E+08   0.223002E+08   0.222299E+08   0.000000E+00   0.192344E+08   0.192344E+08   0.192411E+08  -0.476667E+00   0.102519E+08   0.102519E+08   0.820643E+02
   0.183670E-03   0.192393E+08   0.192391E+08   0.216281E+08   0.215444E+08   0.000000E+00   0.192393E+08   0.192393E+08   0.192457E+08  -0.476994E+00   0.102538E+08   0.102538E+08   0.898429E+02
   0.202798E-03   0.192451E+08   0.192449E+08   0.208338E+08   0.207347E+08   0.000000E+00   0.192450E+08   0.192450E+08   0.192513E+08  -0.477384E+00   0.102561E+08   0.102560E+08   0.981790E+02
   0.223918E-03   0.192520E+08   0.192518E+08   0.199016E+08   0.197848E+08   0.000000E+00   0.192520E+08   0.192520E+08   0.192579E+08  -0.477846E+00   0.102587E+08   0.102587E+08   0.107051E+03
   0.247237E-03   0.192602E+08   0.192600E+08   0.188169E+08   0.186804E+08   0.000000E+00   0.192602E+08   0.192602E+08   0.192658E+08  -0.478390E+00   0.102619E+08   0.102618E+08   0.116413E+03
   0.272985E-03   0.192700E+08   0.192697E+08   0.175681E+08   0.174101E+08   0.000000E+00   0.192700E+08   0.192700E+08   0.192752E+08  -0.479024E+00   0.102656E+08   0.102655E+08   0.126187E+03
   0.301414E-03   0.192816E+08   0.192812E+08   0.161490E+08   0.159683E+08   0.000000E+00   0.192815E+08   0.192815E+08   0.192863E+08  -0.479757E+00   0.102698E+08   0.102697E+08   0.136251E+03
   0.332804E-03   0.192951E+08   0.192946E+08   0.145626E+08   0.143589E+08   0.000000E+00   0.192950E+08   0.192950E+08   0.192993E+08  -0.480593E+00   0.102747E+08   0.102746E+08   0.146438E+03
   0.367463E-03   0.193107E+08   0.193101E+08   0.128250E+08   0.125995E+08   0.000000E+00   0.193106E+08   0.193106E+08   0.193144E+08  -0.481532E+00   0.102802E+08   0.102800E+08   0.156517E+03
   0.405732E-03   0.193285E+08   0.193279E+08   0.109699E+08   0.107259E+08   0.000000E+00   0.193284E+08   0.193284E+08   0.193317E+08  -0.482566E+00   0.102862E+08   0.102860E+08   0.166194E+03
   0.447986E-03   0.193487E+08   0.193479E+08   0.905281E+07   0.879611E+07   0.000000E+00   0.193486E+08   0.193486E+08   0.193512E+08  -0.483676E+00   0.102927E+08   0.102924E+08   0.175110E+03
   0.494640E-03   0.193710E+08   0.193701E+08   0.715231E+07   0.689185E+07   0.000000E+00   0.193708E+08   0.193708E+08   0.193730E+08  -0.484828E+00   0.102993E+08   0.102991E+08   0.182843E+03
   0.546154E-03   0.193951E+08   0.193941E+08   0.536741E+07   0.511512E+07   0.000000E+00   0.193949E+08   0.193949E+08   0.193965E+08  -0.485973E+00   0.103059E+08   0.103056E+08   0.188935E+03
   0.603031E-03   0.194204E+08   0.194192E+08   0.380686E+07   0.357684E+07   0.000000E+00   0.194202E+08   0.194202E+08   0.194213E+08  -0.487043E+00   0.103119E+08   0.103115E+08   0.192924E+03
   0.665833E-03   0.194458E+08   0.194445E+08   0.256878E+07   0.237547E+07   0.000000E+00   0.194456E+08   0.194456E+08   0.194464E+08  -0.487954E+00   0.103166E+08   0.103162E+08   0.194394E+03
   0.735174E-03   0.194701E+08   0.194686E+08   0.171167E+07   0.156677E+07   0.000000E+00   0.194699E+08   0.194699E+08   0.194704E+08  -0.488615E+00   0.103193E+08   0.103188E+08   0.193051E+03
   0.811737E-03   0.194915E+08   0.194898E+08   0.122412E+07   0.113293E+07   0.000000E+00   0.194912E+08   0.194912E+08   0.194916E+08  -0.488940E+00   0.103191E+08   0.103186E+08   0.188777E+03
   0.896274E-03   0.195079E+08   0.195060E+08   0.101004E+07   0.968433E+06   0.000000E+00   0.195076E+08   0.195076E+08   0.195079E+08  -0.488870E+00   0.103152E+08   0.103147E+08   0.181682E+03
   0.989614E-03   0.195171E+08   0.195152E+08   0.910962E+06   0.905111E+06   0.000000E+00   0.195168E+08   0.195168E+08   0.195171E+08  -0.488387E+00   0.103070E+08   0.103065E+08   0.172103E+03
   0.109267E-02   0.195174E+08   0.195153E+08   0.776293E+06   0.786797E+06   0.000000E+00   0.195170E+08   0.195170E+08   0.195173E+08  -0.487522E+00   0.102940E+08   0.102935E+08   0.160543E+03
   0.120647E-02   0.195071E+08   0.195049E+08   0.554313E+06   0.563892E+06   0.000000E+00   0.195068E+08   0.195068E+08   0.195069E+08  -0.486346E+00   0.102761E+08   0.102756E+08   0.147592E+03
   0.133211E-02   0.194854E+08   0.194832E+08   0.326709E+06   0.326903E+06   0.000000E+00   0.194850E+08   0.194850E+08   0.194851E+08  -0.484929E+00   0.102534E+08   0.102529E+08   0.133868E+03
   0.147084E-02   0.194519E+08   0.194496E+08   0.213910E+06   0.205407E+06   0.000000E+00   0.194515E+08   0.194515E+08   0.194516E+08  -0.483311E+00   0.102261E+08   0.102255E+08   0.120018E+03
   0.162402E-02   0.194064E+08   0.194041E+08   0.211763E+06   0.199075E+06   0.000000E+00   0.194060E+08   0.194060E+08   0.194061E+08  -0.481486E+00   0.101939E+08   0.101934E+08   0.106755E+03
   0.179315E-02   0.193487E+08   0.193464E+08   0.184949E+06   0.173215E+06   0.000000E+00   0.193483E+08   0.193483E+08   0.193484E+08  -0.479430E+00   0.101566E+08   0.101561E+08   0.947629E+02
   0.197989E-02   0.192784E+08   0.192761E+08   0.925929E+05   0.874707E+05   0.000000E+00   0.192780E+08   0.192780E+08   0.192781E+08  -0.477134E+00   0.101138E+08   0.101133E+08   0.844704E+02
   0.218609E-02   0.191949E+08   0.191925E+08   0.544950E+05   0.555762E+05   0.000000E+00   0.191945E+08   0.191945E+08   0.191945E+08  -0.474592E+00   0.100650E+08   0.100645E+08   0.759063E+02
   0.241375E-02   0.190974E+08   0.190949E+08   0.631607E+05   0.616426E+05   0.000000E+00   0.190970E+08   0.190970E+08   0.190970E+08  -0.471781E+00   0.100098E+08   0.100093E+08   0.687909E+02
   0.266512E-02   0.189852E+08   0.189825E+08   0.284916E+05   0.231024E+05   0.000000E+00   0.189847E+08   0.189847E+08   0.189847E+08  -0.468666E+00   0.994759E+07   0.994709E+07   0.626422E+02
   0.294268E-02   0.188571E+08   0.188543E+08   0.284280E+05   0.225316E+05   0.000000E+00   0.188567E+08   0.188567E+08   0.188567E+08  -0.465222E+00   0.987771E+07   0.987721E+07   0.569175E+02
   0.324914E-02   0.187123E+08   0.187092E+08   0.149607E+05   0.110990E+05   0.000000E+00   0.187118E+08   0.187118E+08   0.187118E+08  -0.461411E+00   0.979953E+07   0.979903E+07   0.513685E+02
   0.358751E-02   0.185494E+08   0.185461E+08   0.739616E+04   0.791715E+04   0.000000E+00   0.185488E+08   0.185488E+08   0.185489E+08  -0.457199E+00   0.971234E+07   0.971185E+07   0.461203E+02
   0.396112E-02   0.183672E+08   0.183637E+08   0.280755E+03   0.518130E+03   0.000000E+00   0.183667E+08   0.183667E+08   0.183667E+08  -0.452548E+00   0.961544E+07   0.961494E+07   0.414768E+02
   0.437364E-02   0.181646E+08   0.181606E+08   0.267092E+04   0.469215E+04   0.000000E+00   0.181639E+08   0.181639E+08   0.181639E+08  -0.447421E+00   0.950806E+07   0.950757E+07   0.375107E+02
   0.482913E-02   0.179400E+08   0.179357E+08  -0.581006E+03   0.185922E+05   0.000000E+00   0.179393E+08   0.179393E+08   0.179393E+08  -0.441780E+00   0.938948E+07   0.938898E+07   0.339504E+02
   0.533204E-02   0.176922E+08   0.176874E+08  -0.794955E+03   0.186852E+05   0.000000E+00   0.176915E+08   0.176915E+08   0.176915E+08  -0.435588E+00   0.925893E+07   0.925844E+07   0.305984E+02
   0.588734E-02   0.174199E+08   0.174144E+08   0.655714E+01   0.175386E+05   0.000000E+00   0.174190E+08   0.174190E+08   0.174190E+08  -0.428809E+00   0.911567E+07   0.911519E+07   0.275971E+02
   0.650046E-02   0.171215E+08   0.171153E+08  -0.118336E+04   0.154596E+05   0.000000E+00   0.171205E+08   0.171205E+08   0.171205E+08  -0.421404E+00   0.895896E+07   0.895847E+07   0.249899E+02
   0.717743E-02   0.167959E+08   0.167887E+08  -0.770633E+03   0.127352E+05   0.000000E+00   0.167947E+08   0.167947E+08   0.167947E+08  -0.413337E+00   0.878804E+07   0.878755E+07   0.226020E+02
   0.792491E-02   0.164415E+08   0.164333E+08  -0.121400E+04   0.100829E+05   0.000000E+00   0.164402E+08   0.164402E+08   0.164402E+08  -0.404574E+00   0.860218E+07   0.860169E+07   0.204796E+02
   0.875023E-02   0.160571E+08   0.160476E+08  -0.184948E+04   0.845306E+04   0.000000E+00   0.160556E+08   0.160556E+08   0.160556E+08  -0.395079E+00   0.840065E+07   0.840016E+07   0.185955E+02
   0.966150E-02   0.156413E+08   0.156303E+08  -0.677000E+03   0.709943E+04   0.000000E+00   0.156395E+08   0.156395E+08   0.156395E+08  -0.384817E+00   0.818274E+07   0.818225E+07   0.169057E+02
   0.106677E-01   0.151927E+08   0.151800E+08  -0.125738E+04   0.531617E+04   0.000000E+00   0.151907E+08   0.151907E+08   0.151907E+08  -0.373754E+00   0.794775E+07   0.794725E+07   0.154252E+02
   0.117786E-01   0.147103E+08   0.146955E+08  -0.900367E+03   0.422969E+04   0.000000E+00   0.147079E+08   0.147079E+08   0.147079E+08  -0.361860E+00   0.769500E+07   0.769450E+07   0.140968E+02
   0.130053E-01   0.141927E+08   0.141755E+08  -0.601682E+03   0.345427E+04   0.000000E+00   0.141899E+08   0.141899E+08   0.141899E+08  -0.349104E+00   0.742389E+07   0.742339E+07   0.129283E+02
   0.143597E-01   0.136391E+08   0.136192E+08  -0.675344E+03   0.267143E+04   0.000000E+00   0.136359E+08   0.136359E+08   0.136359E+08  -0.335464E+00   0.713395E+07   0.713344E+07   0.118893E+02
   0.158552E-01   0.130489E+08   0.130260E+08  -0.670400E+03   0.205326E+04   0.000000E+00   0.130452E+08   0.130452E+08   0.130452E+08  -0.320926E+00   0.682489E+07   0.682437E+07   0.109653E+02
   0.175064E-01   0.124224E+08   0.123961E+08  -0.392486E+03   0.170158E+04   0.000000E+00   0.124182E+08   0.124182E+08   0.124182E+08  -0.305494E+00   0.649676E+07   0.649623E+07   0.101310E+02
   0.193295E-01   0.117605E+08   0.117306E+08  -0.417034E+03   0.132546E+04   0.000000E+00   0.117557E+08   0.117557E+08   0.117557E+08  -0.289193E+00   0.615017E+07   0.614963E+07   0.936961E+01
   0.213425E-01   0.110660E+08   0.110323E+08  -0.270427E+03   0.102685E+04   0.000000E+00   0.110606E+08   0.110606E+08   0.110606E+08  -0.272090E+00   0.578648E+07   0.578592E+07   0.865979E+01
   0.235652E-01   0.103435E+08   0.103060E+08  -0.185439E+03   0.738490E+03   0.000000E+00   0.103375E+08   0.103375E+08   0.103375E+08  -0.254298E+00   0.540815E+07   0.540759E+07   0.797718E+01
   0.260194E-01   0.960046E+07   0.955937E+07  -0.175911E+03   0.588619E+03   0.000000E+00   0.959386E+07   0.959386E+07   0.959386E+07  -0.236004E+00   0.501911E+07   0.501854E+07   0.730221E+01
   0.287291E-01   0.884767E+07   0.880356E+07  -0.979817E+02   0.430944E+03   0.000000E+00   0.884058E+07   0.884058E+07   0.884058E+07  -0.217472E+00   0.462502E+07   0.462445E+07   0.661390E+01
   0.317210E-01   0.809965E+07   0.805348E+07  -0.126146E+03   0.336849E+03   0.000000E+00   0.809223E+07   0.809223E+07   0.809223E+07  -0.199062E+00   0.423351E+07   0.423295E+07   0.589617E+01
   0.350245E-01   0.737435E+07   0.732753E+07  -0.670515E+02   0.252776E+03   0.000000E+00   0.736682E+07   0.736682E+07   0.736682E+07  -0.181218E+00   0.385400E+07   0.385346E+07   0.514036E+01
   0.386721E-01   0.669180E+07   0.664616E+07  -0.485441E+02   0.175940E+03   0.000000E+00   0.668446E+07   0.668446E+07   0.668446E+07  -0.164432E+00   0.349702E+07   0.349652E+07   0.434900E+01
   0.426995E-01   0.607126E+07   0.602889E+07  -0.434152E+02   0.134492E+03   0.000000E+00   0.606445E+07   0.606445E+07   0.606445E+07  -0.149180E+00   0.317265E+07   0.317220E+07   0.353954E+01
   0.469694E-01   0.554581E+07   0.550852E+07  -0.384585E+02   0.101777E+03   0.000000E+00   0.553981E+07   0.553981E+07   0.553981E+07  -0.136274E+00   0.289818E+07   0.289779E+07   0.277614E+01
   0.512394E-01   0.513007E+07   0.509869E+07  -0.308397E+02   0.804198E+02   0.000000E+00   0.512503E+07   0.512503E+07   0.512503E+07  -0.126071E+00   0.268117E+07   0.268084E+07   0.213056E+01
   0.555093E-01   0.479503E+07   0.476954E+07  -0.256248E+02   0.619581E+02   0.000000E+00   0.479093E+07   0.479093E+07   0.479093E+07  -0.117852E+00   0.250638E+07   0.250611E+07   0.161483E+01
   0.597792E-01   0.451319E+07   0.449287E+07  -0.153971E+02   0.527933E+02   0.000000E+00   0.450993E+07   0.450993E+07   0.450993E+07  -0.110939E+00   0.235937E+07   0.235915E+07   0.122983E+01
   0.640492E-01   0.426149E+07   0.424511E+07  -0.120077E+02   0.409728E+02   0.000000E+00   0.425886E+07   0.425886E+07   0.425886E+07  -0.104763E+00   0.222802E+07   0.222783E+07   0.965426E+00
   0.683191E-01   0.402318E+07   0.400928E+07  -0.104234E+02   0.362827E+02   0.000000E+00   0.402095E+07   0.402095E+07   0.402095E+07  -0.989099E-01   0.210355E+07   0.210339E+07   0.802737E+00
   0.725891E-01   0.378853E+07   0.377571E+07  -0.101482E+02   0.283340E+02   0.000000E+00   0.378647E+07   0.378647E+07   0.378647E+07  -0.931413E-01   0.198089E+07   0.198073E+07   0.717526E+00
   0.768590E-01   0.355430E+07   0.354138E+07  -0.719481E+01   0.252326E+02   0.000000E+00   0.355223E+07   0.355223E+07   0.355223E+07  -0.873782E-01   0.185834E+07   0.185818E+07   0.683805E+00
   0.811290E-01   0.332261E+07   0.330882E+07  -0.123908E+02   0.200354E+02   0.000000E+00   0.332039E+07   0.332039E+07   0.332039E+07  -0.816741E-01   0.173706E+07   0.173690E+07   0.677219E+00
   0.853989E-01   0.309893E+07   0.308395E+07  -0.379142E+01   0.175745E+02   0.000000E+00   0.309652E+07   0.309652E+07   0.309652E+07  -0.761656E-01   0.161995E+07   0.161977E+07   0.677600E+00
   0.896689E-01   0.288990E+07   0.287386E+07  -0.891631E+01   0.144710E+02   0.000000E+00   0.288733E+07   0.288733E+07   0.288733E+07  -0.710180E-01   0.151051E+07   0.151033E+07   0.670553E+00
   0.950018E-01   0.265842E+07   0.264166E+07  -0.522686E+01   0.122830E+02   0.000000E+00   0.265573E+07   0.265573E+07   0.265573E+07  -0.653185E-01   0.138935E+07   0.138917E+07   0.639573E+00
   0.100335E+00   0.246617E+07   0.244970E+07  -0.937410E+01   0.102899E+02   0.000000E+00   0.246352E+07   0.246352E+07   0.246352E+07  -0.605872E-01   0.128880E+07   0.128862E+07   0.581467E+00
   0.105668E+00   0.231348E+07   0.229828E+07  -0.518941E+01   0.845248E+01   0.000000E+00   0.231104E+07   0.231104E+07   0.231104E+07  -0.568327E-01   0.120903E+07   0.120887E+07   0.503284E+00
   0.111000E+00   0.219432E+07   0.218107E+07  -0.201542E+00   0.702341E+01   0.000000E+00   0.219219E+07   0.219219E+07   0.219219E+07  -0.539046E-01   0.114685E+07   0.114671E+07   0.417499E+00
   0.116333E+00   0.209838E+07   0.208732E+07  -0.311282E+01   0.612801E+01   0.000000E+00   0.209661E+07   0.209661E+07   0.209661E+07  -0.515482E-01   0.109684E+07   0.109672E+07   0.337183E+00
   0.121666E+00   0.201418E+07   0.200509E+07  -0.344277E+01   0.558925E+01   0.000000E+00   0.201272E+07   0.201272E+07   0.201272E+07  -0.494790E-01   0.105295E+07   0.105285E+07   0.272313E+00
   0.126999E+00   0.193192E+07   0.192425E+07  -0.244457E+01   0.509518E+01   0.000000E+00   0.193069E+07   0.193069E+07   0.193069E+07  -0.474551E-01   0.101003E+07   0.100995E+07   0.227817E+00
   0.132332E+00   0.184549E+07   0.183853E+07  -0.285154E+01   0.447286E+01   0.000000E+00   0.184437E+07   0.184437E+07   0.184437E+07  -0.453261E-01   0.964878E+06   0.964797E+06   0.203357E+00
   0.137665E+00   0.175321E+07   0.174633E+07  -0.187857E+01   0.378891E+01   0.000000E+00   0.175210E+07   0.175210E+07   0.175210E+07  -0.430515E-01   0.916609E+06   0.916529E+06   0.194494E+00
   0.142998E+00   0.165729E+07   0.165003E+07  -0.167538E+01   0.321677E+01   0.000000E+00   0.165612E+07   0.165612E+07   0.165612E+07  -0.406865E-01   0.866398E+06   0.866314E+06   0.194615E+00
   0.148331E+00   0.156236E+07   0.155456E+07  -0.137117E+01   0.284163E+01   0.000000E+00   0.156110E+07   0.156110E+07   0.156110E+07  -0.383465E-01   0.816691E+06   0.816603E+06   0.196967E+00
   0.153664E+00   0.147367E+07   0.146542E+07  -0.632601E+00   0.259499E+01   0.000000E+00   0.147234E+07   0.147234E+07   0.147234E+07  -0.361615E-01   0.770257E+06   0.770167E+06   0.196277E+00
   0.158997E+00   0.139544E+07   0.138703E+07  -0.178057E+01   0.235119E+01   0.000000E+00   0.139409E+07   0.139409E+07   0.139409E+07  -0.342357E-01   0.729317E+06   0.729226E+06   0.189662E+00
   0.164329E+00   0.132975E+07   0.132156E+07  -0.152007E+01   0.205790E+01   0.000000E+00   0.132843E+07   0.132843E+07   0.132843E+07  -0.326205E-01   0.694969E+06   0.694882E+06   0.176747E+00
   0.169662E+00   0.127624E+07   0.126860E+07  -0.191339E+00   0.176847E+01   0.000000E+00   0.127501E+07   0.127501E+07   0.127501E+07  -0.313067E-01   0.667023E+06   0.666942E+06   0.159157E+00
   0.174995E+00   0.123249E+07   0.122560E+07  -0.103698E+01   0.156444E+01   0.000000E+00   0.123138E+07   0.123138E+07   0.123138E+07  -0.302339E-01   0.644195E+06   0.644122E+06   0.139635E+00
   0.180328E+00   0.119484E+07   0.118877E+07  -0.109290E+01   0.146239E+01   0.000000E+00   0.119387E+07   0.119387E+07   0.119387E+07  -0.293120E-01   0.624571E+06   0.624506E+06   0.121078E+00
   0.185661E+00   0.115953E+07   0.115418E+07   0.212955E-02   0.139994E+01   0.000000E+00   0.115867E+07   0.115867E+07   0.115867E+07  -0.284475E-01   0.606157E+06   0.606098E+06   0.105756E+00
   0.190994E+00   0.112354E+07   0.111869E+07  -0.507529E+00   0.130270E+01   0.000000E+00   0.112276E+07   0.112276E+07   0.112276E+07  -0.275657E-01   0.587371E+06   0.587316E+06   0.948554E-01
   0.196327E+00   0.108522E+07   0.108063E+07  -0.853968E+00   0.115489E+01   0.000000E+00   0.108449E+07   0.108449E+07   0.108449E+07  -0.266260E-01   0.567345E+06   0.567293E+06   0.883901E-01
   0.201660E+00   0.104443E+07   0.103988E+07  -0.368139E+00   0.100351E+01   0.000000E+00   0.104370E+07   0.104370E+07   0.104370E+07  -0.256250E-01   0.546010E+06   0.545958E+06   0.854263E-01
   0.206993E+00   0.100228E+07   0.997618E+06  -0.552276E+00   0.900916E+00   0.000000E+00   0.100153E+07   0.100153E+07   0.100153E+07  -0.245900E-01   0.523949E+06   0.523897E+06   0.844935E-01
   0.212325E+00   0.960595E+06   0.955771E+06  -0.608082E+00   0.851535E+00   0.000000E+00   0.959820E+06   0.959820E+06   0.959820E+06  -0.235663E-01   0.502128E+06   0.502074E+06   0.840441E-01
   0.217658E+00   0.921299E+06   0.916357E+06  -0.297377E+00   0.813979E+00   0.000000E+00   0.920505E+06   0.920505E+06   0.920505E+06  -0.226015E-01   0.481561E+06   0.481507E+06   0.828388E-01
   0.222991E+00   0.885876E+06   0.880920E+06  -0.178360E+00   0.749700E+00   0.000000E+00   0.885079E+06   0.885079E+06   0.885079E+06  -0.217322E-01   0.463028E+06   0.462974E+06   0.801770E-01
   0.228324E+00   0.855023E+06   0.850184E+06  -0.104326E+00   0.661026E+00   0.000000E+00   0.854245E+06   0.854245E+06   0.854245E+06  -0.209756E-01   0.446897E+06   0.446845E+06   0.759491E-01
   0.233657E+00   0.828576E+06   0.823970E+06  -0.325092E+00   0.583262E+00   0.000000E+00   0.827836E+06   0.827836E+06   0.827836E+06  -0.203276E-01   0.433081E+06   0.433032E+06   0.705347E-01
   0.238990E+00   0.805660E+06   0.801360E+06  -0.480996E+00   0.543484E+00   0.000000E+00   0.804969E+06   0.804969E+06   0.804969E+06  -0.197666E-01   0.421118E+06   0.421072E+06   0.646022E-01
   0.244323E+00   0.784992E+06   0.781018E+06  -0.194816E+00   0.532937E+00   0.000000E+00   0.784353E+06   0.784353E+06   0.784353E+06  -0.192608E-01   0.410333E+06   0.410290E+06   0.588799E-01
   0.249656E+00   0.765253E+06   0.761569E+06  -0.183488E+00   0.518766E+00   0.000000E+00   0.764661E+06   0.764661E+06   0.764661E+06  -0.187776E-01   0.400030E+06   0.399990E+06   0.539589E-01
   0.254989E+00   0.745395E+06   0.741930E+06  -0.241877E+00   0.479443E+00   0.000000E+00   0.744838E+06   0.744838E+06   0.744838E+06  -0.182913E-01   0.389660E+06   0.389622E+06   0.501708E-01
   0.260321E+00   0.724846E+06   0.721512E+06   0.657644E-03   0.424368E+00   0.000000E+00   0.724310E+06   0.724310E+06   0.724310E+06  -0.177875E-01   0.378921E+06   0.378883E+06   0.475533E-01
   0.265654E+00   0.703550E+06   0.700269E+06  -0.127004E+00   0.380239E+00   0.000000E+00   0.703023E+06   0.703023E+06   0.703023E+06  -0.172651E-01   0.367784E+06   0.367748E+06   0.458953E-01
   0.270987E+00   0.681889E+06   0.678608E+06  -0.376560E+00   0.361337E+00   0.000000E+00   0.681362E+06   0.681362E+06   0.681362E+06  -0.167335E-01   0.356453E+06   0.356416E+06   0.448338E-01
   0.276320E+00   0.660499E+06   0.657195E+06  -0.194772E+00   0.356519E+00   0.000000E+00   0.659968E+06   0.659968E+06   0.659968E+06  -0.162084E-01   0.345261E+06   0.345224E+06   0.439693E-01
   0.281653E+00   0.640056E+06   0.636742E+06  -0.673184E-01   0.343156E+00   0.000000E+00   0.639524E+06   0.639524E+06   0.639524E+06  -0.157065E-01   0.334565E+06   0.334529E+06   0.429668E-01
   0.286986E+00   0.621093E+06   0.617802E+06  -0.112810E+00   0.312123E+00   0.000000E+00   0.620564E+06   0.620564E+06   0.620564E+06  -0.152411E-01   0.324647E+06   0.324611E+06   0.416224E-01
   0.292319E+00   0.603880E+06   0.600655E+06  -0.687061E-01   0.275523E+00   0.000000E+00   0.603361E+06   0.603361E+06   0.603361E+06  -0.148189E-01   0.315647E+06   0.315612E+06   0.398843E-01
   0.297652E+00   0.588384E+06   0.585267E+06  -0.890983E-01   0.252061E+00   0.000000E+00   0.587883E+06   0.587883E+06   0.587883E+06  -0.144389E-01   0.307550E+06   0.307516E+06   0.378335E-01
   0.302985E+00   0.574325E+06   0.571341E+06  -0.164823E+00   0.246856E+00   0.000000E+00   0.573846E+06   0.573846E+06   0.573846E+06  -0.140944E-01   0.300206E+06   0.300174E+06   0.356363E-01
   0.308318E+00   0.561268E+06   0.558426E+06  -0.161253E+00   0.247314E+00   0.000000E+00   0.560812E+06   0.560812E+06   0.560812E+06  -0.137744E-01   0.293387E+06   0.293356E+06   0.334853E-01
   0.313650E+00   0.548751E+06   0.546041E+06  -0.108117E+00   0.237602E+00   0.000000E+00   0.548316E+06   0.548316E+06   0.548316E+06  -0.134677E-01   0.286850E+06   0.286820E+06   0.315462E-01
   0.318983E+00   0.536392E+06   0.533789E+06  -0.310085E-01   0.215003E+00   0.000000E+00   0.535974E+06   0.535974E+06   0.535974E+06  -0.131647E-01   0.280393E+06   0.280364E+06   0.299211E-01
   0.324316E+00   0.523962E+06   0.521437E+06  -0.400025E-01   0.191373E+00   0.000000E+00   0.523556E+06   0.523556E+06   0.523556E+06  -0.128598E-01   0.273897E+06   0.273869E+06   0.286349E-01
   0.329649E+00   0.511411E+06   0.508936E+06  -0.117204E+00   0.179275E+00   0.000000E+00   0.511013E+06   0.511013E+06   0.511013E+06  -0.125519E-01   0.267335E+06   0.267308E+06   0.276430E-01
   0.334982E+00   0.498843E+06   0.496396E+06  -0.998907E-01   0.178713E+00   0.000000E+00   0.498450E+06   0.498450E+06   0.498450E+06  -0.122434E-01   0.260763E+06   0.260736E+06   0.268538E-01
   0.340315E+00   0.486459E+06   0.484030E+06  -0.785611E-01   0.178415E+00   0.000000E+00   0.486068E+06   0.486068E+06   0.486068E+06  -0.119394E-01   0.254285E+06   0.254259E+06   0.261592E-01
   0.345648E+00   0.474487E+06   0.472077E+06  -0.103568E+00   0.168453E+00   0.000000E+00   0.474099E+06   0.474099E+06   0.474099E+06  -0.116455E-01   0.248024E+06   0.247998E+06   0.254628E-01
   0.350981E+00   0.463118E+06   0.460737E+06  -0.508590E-01   0.150553E+00   0.000000E+00   0.462735E+06   0.462735E+06   0.462735E+06  -0.113665E-01   0.242079E+06   0.242053E+06   0.246995E-01
   0.356314E+00   0.452460E+06   0.450122E+06  -0.141845E-01   0.135129E+00   0.000000E+00   0.452084E+06   0.452084E+06   0.452084E+06  -0.111050E-01   0.236507E+06   0.236481E+06   0.238448E-01
   0.361647E+00   0.442520E+06   0.440239E+06  -0.694244E-01   0.129867E+00   0.000000E+00   0.442154E+06   0.442154E+06   0.442154E+06  -0.108612E-01   0.231312E+06   0.231287E+06   0.229118E-01
   0.366979E+00   0.433219E+06   0.431003E+06  -0.844964E-01   0.131815E+00   0.000000E+00   0.432863E+06   0.432863E+06   0.432863E+06  -0.106330E-01   0.226451E+06   0.226427E+06   0.219403E-01
   0.372312E+00   0.424413E+06   0.422267E+06  -0.562571E-01   0.131217E+00   0.000000E+00   0.424069E+06   0.424069E+06   0.424069E+06  -0.104171E-01   0.221850E+06   0.221827E+06   0.209817E-01
   0.377645E+00   0.415945E+06   0.413866E+06  -0.555854E-01   0.122350E+00   0.000000E+00   0.415611E+06   0.415611E+06   0.415611E+06  -0.102095E-01   0.217426E+06   0.217403E+06   0.200835E-01
   0.382978E+00   0.407672E+06   0.405653E+06  -0.517108E-01   0.108993E+00   0.000000E+00   0.407348E+06   0.407348E+06   0.407348E+06  -0.100066E-01   0.213103E+06   0.213081E+06   0.192785E-01
   0.388311E+00   0.399500E+06   0.397530E+06  -0.379029E-01   0.996874E-01   0.000000E+00   0.399184E+06   0.399184E+06   0.399184E+06  -0.980616E-02   0.208832E+06   0.208810E+06   0.185790E-01
   0.393644E+00   0.391393E+06   0.389461E+06  -0.387937E-01   0.983222E-01   0.000000E+00   0.391083E+06   0.391083E+06   0.391083E+06  -0.960726E-02   0.204594E+06   0.204573E+06   0.179775E-01
   0.398977E+00   0.383367E+06   0.381466E+06  -0.506474E-01   0.100524E+00   0.000000E+00   0.383062E+06   0.383062E+06   0.383062E+06  -0.941034E-02   0.200398E+06   0.200377E+06   0.174515E-01
   0.404310E+00   0.375480E+06   0.373604E+06  -0.569307E-01   0.987231E-01   0.000000E+00   0.375178E+06   0.375178E+06   0.375178E+06  -0.921679E-02   0.196274E+06   0.196253E+06   0.169718E-01
   0.409643E+00   0.367802E+06   0.365951E+06  -0.413162E-01   0.904524E-01   0.000000E+00   0.367504E+06   0.367504E+06   0.367504E+06  -0.902838E-02   0.192259E+06   0.192239E+06   0.165096E-01
   0.414975E+00   0.360400E+06   0.358575E+06  -0.282585E-01   0.804485E-01   0.000000E+00   0.360106E+06   0.360106E+06   0.360106E+06  -0.884673E-02   0.188389E+06   0.188369E+06   0.160436E-01
   0.420308E+00   0.353314E+06   0.351520E+06  -0.374469E-01   0.751832E-01   0.000000E+00   0.353026E+06   0.353026E+06   0.353026E+06  -0.867289E-02   0.184685E+06   0.184665E+06   0.155628E-01
   0.425641E+00   0.346557E+06   0.344796E+06  -0.357621E-01   0.759116E-01   0.000000E+00   0.346274E+06   0.346274E+06   0.346274E+06  -0.850709E-02   0.181152E+06   0.181133E+06   0.150673E-01
   0.430974E+00   0.340107E+06   0.338384E+06  -0.270172E-01   0.777987E-01   0.000000E+00   0.339830E+06   0.339830E+06   0.339830E+06  -0.834885E-02   0.177781E+06   0.177762E+06   0.145655E-01
   0.436307E+00   0.333921E+06   0.332237E+06  -0.372462E-01   0.753081E-01   0.000000E+00   0.333650E+06   0.333650E+06   0.333650E+06  -0.819708E-02   0.174548E+06   0.174530E+06   0.140704E-01
   0.441640E+00   0.327945E+06   0.326299E+06  -0.395235E-01   0.681112E-01   0.000000E+00   0.327680E+06   0.327680E+06   0.327680E+06  -0.805046E-02   0.171425E+06   0.171407E+06   0.135955E-01
   0.446973E+00   0.322127E+06   0.320517E+06  -0.265024E-01   0.610653E-01   0.000000E+00   0.321868E+06   0.321868E+06   0.321868E+06  -0.790770E-02   0.168385E+06   0.168367E+06   0.131513E-01
   0.452306E+00   0.316428E+06   0.314851E+06  -0.261252E-01   0.586475E-01   0.000000E+00   0.316175E+06   0.316175E+06   0.316175E+06  -0.776785E-02   0.165406E+06   0.165389E+06   0.127428E-01
   0.457639E+00   0.310827E+06   0.309278E+06  -0.303777E-01   0.603183E-01   0.000000E+00   0.310578E+06   0.310578E+06   0.310578E+06  -0.763037E-02   0.162478E+06   0.162461E+06   0.123698E-01
   0.462971E+00   0.305320E+06   0.303797E+06  -0.254773E-01   0.613848E-01   0.000000E+00   0.305075E+06   0.305075E+06   0.305075E+06  -0.749520E-02   0.159599E+06   0.159583E+06   0.120271E-01
   0.468304E+00   0.299920E+06   0.298420E+06  -0.228533E-01   0.582483E-01   0.000000E+00   0.299679E+06   0.299679E+06   0.299679E+06  -0.736263E-02   0.156776E+06   0.156760E+06   0.117070E-01
   0.473637E+00   0.294646E+06   0.293167E+06  -0.255356E-01   0.520766E-01   0.000000E+00   0.294408E+06   0.294408E+06   0.294408E+06  -0.723315E-02   0.154019E+06   0.154003E+06   0.114009E-01
   0.478970E+00   0.289518E+06   0.288061E+06  -0.256929E-01   0.472927E-01   0.000000E+00   0.289283E+06   0.289283E+06   0.289283E+06  -0.710725E-02   0.151338E+06   0.151322E+06   0.111019E-01
   0.484303E+00   0.284551E+06   0.283116E+06  -0.214507E-01   0.466680E-01   0.000000E+00   0.284320E+06   0.284320E+06   0.284320E+06  -0.698532E-02   0.148741E+06   0.148726E+06   0.108055E-01
   0.489636E+00   0.279750E+06   0.278339E+06  -0.189264E-01   0.484984E-01   0.000000E+00   0.279524E+06   0.279524E+06   0.279524E+06  -0.686748E-02   0.146232E+06   0.146217E+06   0.105101E-01
   0.494969E+00   0.275112E+06   0.273725E+06  -0.213572E-01   0.487522E-01   0.000000E+00   0.274889E+06   0.274889E+06   0.274889E+06  -0.675363E-02   0.143808E+06   0.143792E+06   0.102171E-01
   0.500302E+00   0.270623E+06   0.269261E+06  -0.211249E-01   0.453578E-01   0.000000E+00   0.270404E+06   0.270404E+06   0.270404E+06  -0.664344E-02   0.141461E+06   0.141446E+06   0.992925E-02
   0.505635E+00   0.266265E+06   0.264928E+06  -0.181873E-01   0.403564E-01   0.000000E+00   0.266050E+06   0.266050E+06   0.266050E+06  -0.653648E-02   0.139184E+06   0.139169E+06   0.965023E-02
   0.510968E+00   0.262020E+06   0.260707E+06  -0.201259E-01   0.374535E-01   0.000000E+00   0.261809E+06   0.261809E+06   0.261809E+06  -0.643228E-02   0.136965E+06   0.136950E+06   0.938312E-02
   0.516300E+00   0.257872E+06   0.256581E+06  -0.205317E-01   0.379512E-01   0.000000E+00   0.257664E+06   0.257664E+06   0.257664E+06  -0.633046E-02   0.134797E+06   0.134782E+06   0.912985E-02
   0.521633E+00   0.253809E+06   0.252539E+06  -0.153949E-01   0.395829E-01   0.000000E+00   0.253605E+06   0.253605E+06   0.253605E+06  -0.623073E-02   0.132673E+06   0.132659E+06   0.889083E-02
   0.526966E+00   0.249827E+06   0.248577E+06  -0.141909E-01   0.390601E-01   0.000000E+00   0.249626E+06   0.249626E+06   0.249626E+06  -0.613298E-02   0.130591E+06   0.130578E+06   0.866507E-02
   0.532299E+00   0.245926E+06   0.244694E+06  -0.163370E-01   0.356621E-01   0.000000E+00   0.245728E+06   0.245728E+06   0.245728E+06  -0.603720E-02   0.128552E+06   0.128538E+06   0.845054E-02
   0.537632E+00   0.242109E+06   0.240895E+06  -0.154538E-01   0.317880E-01   0.000000E+00   0.241914E+06   0.241914E+06   0.241914E+06  -0.594351E-02   0.126557E+06   0.126543E+06   0.824482E-02
   0.542965E+00   0.238382E+06   0.237186E+06  -0.147151E-01   0.302789E-01   0.000000E+00   0.238190E+06   0.238190E+06   0.238190E+06  -0.585201E-02   0.124608E+06   0.124595E+06   0.804561E-02
   0.548298E+00   0.234749E+06   0.233570E+06  -0.154553E-01   0.313576E-01   0.000000E+00   0.234559E+06   0.234559E+06   0.234559E+06  -0.576282E-02   0.122709E+06   0.122696E+06   0.785119E-02
   0.553631E+00   0.231211E+06   0.230049E+06  -0.144150E-01   0.325424E-01   0.000000E+00   0.231025E+06   0.231025E+06   0.231025E+06  -0.567598E-02   0.120860E+06   0.120847E+06   0.766061E-02
   0.558964E+00   0.227768E+06   0.226624E+06  -0.125207E-01   0.314242E-01   0.000000E+00   0.227584E+06   0.227584E+06   0.227584E+06  -0.559146E-02   0.119060E+06   0.119048E+06   0.747374E-02
   0.564296E+00   0.224416E+06   0.223288E+06  -0.121838E-01   0.282542E-01   0.000000E+00   0.224235E+06   0.224235E+06   0.224235E+06  -0.550916E-02   0.117308E+06   0.117295E+06   0.729103E-02
   0.569629E+00   0.221148E+06   0.220037E+06  -0.131604E-01   0.254474E-01   0.000000E+00   0.220969E+06   0.220969E+06   0.220969E+06  -0.542894E-02   0.115599E+06   0.115587E+06   0.711328E-02
   0.574962E+00   0.217957E+06   0.216863E+06  -0.131622E-01   0.249960E-01   0.000000E+00   0.217781E+06   0.217781E+06   0.217781E+06  -0.535062E-02   0.113932E+06   0.113920E+06   0.694130E-02
   0.580295E+00   0.214837E+06   0.213760E+06  -0.116303E-01   0.262814E-01   0.000000E+00   0.214664E+06   0.214664E+06   0.214664E+06  -0.527404E-02   0.112301E+06   0.112289E+06   0.677570E-02
   0.585628E+00   0.211783E+06   0.210722E+06  -0.109711E-01   0.269280E-01   0.000000E+00   0.211613E+06   0.211613E+06   0.211613E+06  -0.519907E-02   0.110705E+06   0.110693E+06   0.661670E-02
   0.590961E+00   0.208791E+06   0.207745E+06  -0.108758E-01   0.253985E-01   0.000000E+00   0.208623E+06   0.208623E+06   0.208623E+06  -0.512562E-02   0.109141E+06   0.109129E+06   0.646413E-02
   0.596294E+00   0.205860E+06   0.204828E+06  -0.978373E-02   0.226778E-01   0.000000E+00   0.205694E+06   0.205694E+06   0.205694E+06  -0.505366E-02   0.107608E+06   0.107597E+06   0.631749E-02
   0.601627E+00   0.202988E+06   0.201971E+06  -0.989704E-02   0.190460E-01   0.000000E+00   0.202825E+06   0.202825E+06   0.202825E+06  -0.498317E-02   0.106107E+06   0.106096E+06   0.617607E-02
   0.606960E+00   0.200178E+06   0.199173E+06  -0.105918E-01   0.283799E-01   0.000000E+00   0.200016E+06   0.200016E+06   0.200016E+06  -0.491415E-02   0.104638E+06   0.104627E+06   0.603913E-02
   0.612293E+00   0.197428E+06   0.196437E+06  -0.102131E-01   0.245589E-01   0.000000E+00   0.197268E+06   0.197268E+06   0.197268E+06  -0.484666E-02   0.103201E+06   0.103190E+06   0.590604E-02
   0.617625E+00   0.194739E+06   0.193762E+06  -0.901601E-02   0.246176E-01   0.000000E+00   0.194582E+06   0.194582E+06   0.194582E+06  -0.478064E-02   0.101795E+06   0.101784E+06   0.577635E-02
   0.622958E+00   0.192111E+06   0.191146E+06  -0.911439E-02   0.196131E-01   0.000000E+00   0.191956E+06   0.191956E+06   0.191956E+06  -0.471610E-02   0.100421E+06   0.100411E+06   0.564981E-02
   0.670453E+00   0.171018E+06   0.170160E+06  -0.632238E-02   0.190136E-01   0.000000E+00   0.170880E+06   0.170880E+06   0.170880E+06  -0.419832E-02   0.893954E+05   0.893860E+05   0.466959E-02
   0.721568E+00   0.152121E+06   0.151359E+06  -0.498045E-02   0.113901E-01   0.000000E+00   0.151999E+06   0.151999E+06   0.151999E+06  -0.373446E-02   0.795178E+05   0.795094E+05   0.385901E-02
   0.776580E+00   0.135222E+06   0.134544E+06  -0.408033E-02   0.899956E-02   0.000000E+00   0.135113E+06   0.135113E+06   0.135113E+06  -0.331965E-02   0.706842E+05   0.706768E+05   0.318748E-02
   0.835786E+00   0.120123E+06   0.119521E+06  -0.308535E-02   0.637047E-02   0.000000E+00   0.120026E+06   0.120026E+06   0.120026E+06  -0.294900E-02   0.627914E+05   0.627848E+05   0.263094E-02
   0.899507E+00   0.106642E+06   0.106108E+06  -0.236462E-02   0.548466E-02   0.000000E+00   0.106557E+06   0.106557E+06   0.106557E+06  -0.261807E-02   0.557448E+05   0.557389E+05   0.217025E-02
   0.968085E+00   0.946184E+05   0.941442E+05  -0.136352E-02   0.376507E-02   0.000000E+00   0.945422E+05   0.945422E+05   0.945422E+05  -0.232289E-02   0.494595E+05   0.494543E+05   0.178923E-02
   0.104189E+01   0.839009E+05   0.834805E+05  -0.150739E-02   0.272976E-02   0.000000E+00   0.838334E+05   0.838334E+05   0.838334E+05  -0.205977E-02   0.438572E+05   0.438526E+05   0.147431E-02
   0.112133E+01   0.743544E+05   0.739818E+05  -0.113578E-02   0.218839E-02   0.000000E+00   0.742945E+05   0.742945E+05   0.742945E+05  -0.182541E-02   0.388670E+05   0.388629E+05   0.121417E-02
   0.116665E+01   0.696492E+05   0.693002E+05   0.217196E-03   0.167951E-02   0.000000E+00   0.695931E+05   0.695931E+05   0.695931E+05  -0.170990E-02   0.364074E+05   0.364036E+05   0.109323E-02
   0.141917E+01   0.503000E+05   0.500480E+05   0.331352E-03   0.252871E-02   0.000000E+00   0.502595E+05   0.502595E+05   0.502595E+05  -0.123489E-02   0.262932E+05   0.262904E+05   0.649522E-03
   0.172634E+01   0.361996E+05   0.360183E+05   0.656240E-04   0.487205E-02   0.000000E+00   0.361705E+05   0.361705E+05   0.361705E+05  -0.888719E-03   0.189225E+05   0.189205E+05   0.384760E-03
   0.210000E+01   0.259687E+05   0.258386E+05   0.301066E-04   0.437474E-02   0.000000E+00   0.259478E+05   0.259478E+05   0.259478E+05  -0.637546E-03   0.135745E+05   0.135731E+05   0.227366E-03
