#           k/h    P           
   0.100000E-03   0.105037E+03
   0.102020E-03   0.107083E+03
   0.104081E-03   0.109169E+03
   0.106184E-03   0.111296E+03
   0.108329E-03   0.113464E+03
   0.110517E-03   0.115674E+03
   0.112750E-03   0.117927E+03
   0.115027E-03   0.120224E+03
   0.117351E-03   0.122566E+03
   0.119722E-03   0.124953E+03
   0.122140E-03   0.127387E+03
   0.124608E-03   0.129868E+03
   0.127125E-03   0.132397E+03
   0.129693E-03   0.134976E+03
   0.132313E-03   0.137605E+03
   0.134986E-03   0.140284E+03
   0.137713E-03   0.143016E+03
   0.140495E-03   0.145802E+03
   0.143333E-03   0.148641E+03
   0.146228E-03   0.151536E+03
   0.149182E-03   0.154487E+03
   0.152196E-03   0.157495E+03
   0.155271E-03   0.160562E+03
   0.158407E-03   0.163688E+03
   0.161607E-03   0.166875E+03
   0.164872E-03   0.170124E+03
   0.168203E-03   0.173437E+03
   0.171601E-03   0.176813E+03
   0.175067E-03   0.180256E+03
   0.178604E-03   0.183765E+03
   0.182212E-03   0.187342E+03
   0.185893E-03   0.190989E+03
   0.189648E-03   0.194707E+03
   0.193479E-03   0.198497E+03
   0.197388E-03   0.202360E+03
   0.201375E-03   0.206299E+03
   0.205443E-03   0.210314E+03
   0.209594E-03   0.214407E+03
   0.213828E-03   0.218579E+03
   0.218147E-03   0.222833E+03
   0.222554E-03   0.227169E+03
   0.227050E-03   0.231589E+03
   0.231637E-03   0.236095E+03
   0.236316E-03   0.240688E+03
   0.241090E-03   0.245370E+03
   0.245960E-03   0.250143E+03
   0.250929E-03   0.255008E+03
   0.255998E-03   0.259968E+03
   0.261170E-03   0.265024E+03
   0.266446E-03   0.270178E+03
   0.271828E-03   0.275432E+03
   0.277319E-03   0.280787E+03
   0.282922E-03   0.286246E+03
   0.288637E-03   0.291810E+03
   0.294468E-03   0.297483E+03
   0.300417E-03   0.303264E+03
   0.306485E-03   0.309158E+03
   0.312677E-03   0.315166E+03
   0.318993E-03   0.321289E+03
   0.325437E-03   0.327531E+03
   0.332012E-03   0.333893E+03
   0.338719E-03   0.340378E+03
   0.345561E-03   0.346989E+03
   0.352542E-03   0.353726E+03
   0.359664E-03   0.360594E+03
   0.366930E-03   0.367594E+03
   0.374342E-03   0.374728E+03
   0.381904E-03   0.382000E+03
   0.389619E-03   0.389412E+03
   0.397490E-03   0.396966E+03
   0.405520E-03   0.404665E+03
   0.413712E-03   0.412513E+03
   0.422070E-03   0.420511E+03
   0.430596E-03   0.428662E+03
   0.439295E-03   0.436969E+03
   0.448169E-03   0.445436E+03
   0.457222E-03   0.454065E+03
   0.466459E-03   0.462859E+03
   0.475882E-03   0.471820E+03
   0.485496E-03   0.480954E+03
   0.495303E-03   0.490261E+03
   0.505309E-03   0.499746E+03
   0.515517E-03   0.509411E+03
   0.525931E-03   0.519261E+03
   0.536556E-03   0.529297E+03
   0.547395E-03   0.539525E+03
   0.558453E-03   0.549946E+03
   0.569734E-03   0.560565E+03
   0.581244E-03   0.571385E+03
   0.592986E-03   0.582410E+03
   0.604965E-03   0.593643E+03
   0.617186E-03   0.605088E+03
   0.629654E-03   0.616749E+03
   0.642374E-03   0.628629E+03
   0.655350E-03   0.640732E+03
   0.668589E-03   0.653062E+03
   0.682096E-03   0.665623E+03
   0.695875E-03   0.678419E+03
   0.709933E-03   0.691454E+03
   0.724274E-03   0.704732E+03
   0.738906E-03   0.718257E+03
   0.753832E-03   0.732034E+03
   0.769061E-03   0.746065E+03
   0.784597E-03   0.760357E+03
   0.800447E-03   0.774912E+03
   0.816617E-03   0.789735E+03
   0.833114E-03   0.804830E+03
   0.849944E-03   0.820203E+03
   0.867114E-03   0.835857E+03
   0.884631E-03   0.851796E+03
   0.902501E-03   0.868025E+03
   0.920733E-03   0.884550E+03
   0.939333E-03   0.901373E+03
   0.958309E-03   0.918500E+03
   0.977668E-03   0.935935E+03
   0.997418E-03   0.953683E+03
   0.101757E-02   0.971748E+03
   0.103812E-02   0.990136E+03
   0.105910E-02   0.100885E+04
   0.108049E-02   0.102790E+04
   0.110232E-02   0.104728E+04
   0.112459E-02   0.106700E+04
   0.114730E-02   0.108707E+04
   0.117048E-02   0.110748E+04
   0.119413E-02   0.112825E+04
   0.121825E-02   0.114939E+04
   0.124286E-02   0.117088E+04
   0.126797E-02   0.119274E+04
   0.129358E-02   0.121498E+04
   0.131971E-02   0.123759E+04
   0.134637E-02   0.126059E+04
   0.137357E-02   0.128397E+04
   0.140132E-02   0.130775E+04
   0.142963E-02   0.133192E+04
   0.145851E-02   0.135649E+04
   0.148797E-02   0.138146E+04
   0.151803E-02   0.140684E+04
   0.154870E-02   0.143264E+04
   0.157998E-02   0.145885E+04
   0.161190E-02   0.148549E+04
   0.164446E-02   0.151255E+04
   0.167768E-02   0.154004E+04
   0.171158E-02   0.156797E+04
   0.174615E-02   0.159633E+04
   0.178143E-02   0.162513E+04
   0.181741E-02   0.165438E+04
   0.185413E-02   0.168408E+04
   0.189158E-02   0.171424E+04
   0.192980E-02   0.174485E+04
   0.196878E-02   0.177592E+04
   0.200855E-02   0.180745E+04
   0.204913E-02   0.183945E+04
   0.209052E-02   0.187192E+04
   0.213276E-02   0.190486E+04
   0.217584E-02   0.193828E+04
   0.221979E-02   0.197218E+04
   0.226464E-02   0.200655E+04
   0.231039E-02   0.204141E+04
   0.235706E-02   0.207675E+04
   0.240467E-02   0.211258E+04
   0.245325E-02   0.214890E+04
   0.250281E-02   0.218571E+04
   0.255337E-02   0.222301E+04
   0.260495E-02   0.226080E+04
   0.265758E-02   0.229908E+04
   0.271126E-02   0.233785E+04
   0.276603E-02   0.237712E+04
   0.282191E-02   0.241688E+04
   0.287892E-02   0.245713E+04
   0.293708E-02   0.249787E+04
   0.299641E-02   0.253910E+04
   0.305694E-02   0.258081E+04
   0.311870E-02   0.262301E+04
   0.318170E-02   0.266570E+04
   0.324597E-02   0.270886E+04
   0.331155E-02   0.275250E+04
   0.337844E-02   0.279661E+04
   0.344669E-02   0.284120E+04
   0.351632E-02   0.288624E+04
   0.358735E-02   0.293174E+04
   0.365982E-02   0.297770E+04
   0.373376E-02   0.302410E+04
   0.380918E-02   0.307095E+04
   0.388613E-02   0.311822E+04
   0.396464E-02   0.316592E+04
   0.404473E-02   0.321403E+04
   0.412644E-02   0.326256E+04
   0.420980E-02   0.331147E+04
   0.429484E-02   0.336078E+04
   0.438160E-02   0.341046E+04
   0.447012E-02   0.346050E+04
   0.456042E-02   0.351090E+04
   0.465255E-02   0.356163E+04
   0.474653E-02   0.361268E+04
   0.484242E-02   0.366405E+04
   0.494024E-02   0.371571E+04
   0.504004E-02   0.376764E+04
   0.514186E-02   0.381984E+04
   0.524573E-02   0.387228E+04
   0.535170E-02   0.392494E+04
   0.545981E-02   0.397780E+04
   0.557011E-02   0.403084E+04
   0.568263E-02   0.408405E+04
   0.579743E-02   0.413739E+04
   0.591455E-02   0.419085E+04
   0.603403E-02   0.424440E+04
   0.615592E-02   0.429801E+04
   0.628028E-02   0.435166E+04
   0.640715E-02   0.440532E+04
   0.653658E-02   0.445896E+04
   0.666863E-02   0.451255E+04
   0.680335E-02   0.456606E+04
   0.694078E-02   0.461946E+04
   0.708100E-02   0.467272E+04
   0.722404E-02   0.472579E+04
   0.736998E-02   0.477865E+04
   0.751886E-02   0.483126E+04
   0.767075E-02   0.488358E+04
   0.782571E-02   0.493556E+04
   0.798380E-02   0.498718E+04
   0.814509E-02   0.503839E+04
   0.830963E-02   0.508914E+04
   0.847750E-02   0.513939E+04
   0.864875E-02   0.518910E+04
   0.882347E-02   0.523822E+04
   0.900171E-02   0.528670E+04
   0.918356E-02   0.533449E+04
   0.936908E-02   0.538154E+04
   0.955835E-02   0.542780E+04
   0.975144E-02   0.547321E+04
   0.994843E-02   0.551773E+04
   0.101494E-01   0.556129E+04
   0.103544E-01   0.560384E+04
   0.105636E-01   0.564532E+04
   0.107770E-01   0.568567E+04
   0.109947E-01   0.572483E+04
   0.112168E-01   0.576274E+04
   0.114434E-01   0.579934E+04
   0.116746E-01   0.583456E+04
   0.119104E-01   0.586833E+04
   0.121510E-01   0.590061E+04
   0.123965E-01   0.593131E+04
   0.126469E-01   0.596037E+04
   0.129024E-01   0.598772E+04
   0.131631E-01   0.601331E+04
   0.134290E-01   0.603705E+04
   0.137003E-01   0.605888E+04
   0.139770E-01   0.607873E+04
   0.142594E-01   0.609654E+04
   0.145474E-01   0.611224E+04
   0.148413E-01   0.612575E+04
   0.151411E-01   0.613703E+04
   0.154470E-01   0.614599E+04
   0.157590E-01   0.615258E+04
   0.160774E-01   0.615673E+04
   0.164022E-01   0.615838E+04
   0.167335E-01   0.615748E+04
   0.170716E-01   0.615397E+04
   0.174164E-01   0.614780E+04
   0.177683E-01   0.613891E+04
   0.181272E-01   0.612726E+04
   0.184934E-01   0.611281E+04
   0.188670E-01   0.609552E+04
   0.192481E-01   0.607535E+04
   0.196370E-01   0.605229E+04
   0.200337E-01   0.602630E+04
   0.204384E-01   0.599737E+04
   0.208513E-01   0.596549E+04
   0.212725E-01   0.593067E+04
   0.217022E-01   0.589289E+04
   0.221406E-01   0.585219E+04
   0.225879E-01   0.580857E+04
   0.230442E-01   0.576208E+04
   0.235097E-01   0.571276E+04
   0.239847E-01   0.566063E+04
   0.244692E-01   0.560578E+04
   0.249635E-01   0.554827E+04
   0.254678E-01   0.548820E+04
   0.259823E-01   0.542564E+04
   0.265072E-01   0.536070E+04
   0.270426E-01   0.529348E+04
   0.275889E-01   0.522414E+04
   0.281463E-01   0.515280E+04
   0.287149E-01   0.507962E+04
   0.292949E-01   0.500472E+04
   0.298867E-01   0.492829E+04
   0.304905E-01   0.485053E+04
   0.311064E-01   0.477163E+04
   0.317348E-01   0.469177E+04
   0.323759E-01   0.461113E+04
   0.330299E-01   0.452993E+04
   0.336972E-01   0.444842E+04
   0.343779E-01   0.436682E+04
   0.350724E-01   0.428532E+04
   0.357809E-01   0.420414E+04
   0.365038E-01   0.412351E+04
   0.372412E-01   0.404367E+04
   0.379935E-01   0.396484E+04
   0.387610E-01   0.388721E+04
   0.395440E-01   0.381098E+04
   0.403429E-01   0.373634E+04
   0.411579E-01   0.366348E+04
   0.419893E-01   0.359256E+04
   0.428375E-01   0.352374E+04
   0.437029E-01   0.345715E+04
   0.445858E-01   0.339289E+04
   0.454865E-01   0.333102E+04
   0.464053E-01   0.327161E+04
   0.473428E-01   0.321472E+04
   0.482992E-01   0.316036E+04
   0.492749E-01   0.310848E+04
   0.502703E-01   0.305899E+04
   0.512858E-01   0.301183E+04
   0.523219E-01   0.296690E+04
   0.533789E-01   0.292401E+04
   0.544572E-01   0.288293E+04
   0.555573E-01   0.284344E+04
   0.566796E-01   0.280531E+04
   0.578246E-01   0.276823E+04
   0.589927E-01   0.273184E+04
   0.601845E-01   0.269580E+04
   0.614003E-01   0.265976E+04
   0.626407E-01   0.262332E+04
   0.639061E-01   0.258609E+04
   0.651971E-01   0.254769E+04
   0.665142E-01   0.250776E+04
   0.678578E-01   0.246596E+04
   0.692287E-01   0.242200E+04
   0.706272E-01   0.237564E+04
   0.720539E-01   0.232669E+04
   0.735095E-01   0.227503E+04
   0.749945E-01   0.222064E+04
   0.765095E-01   0.216364E+04
   0.780551E-01   0.210417E+04
   0.796319E-01   0.204254E+04
   0.812406E-01   0.197915E+04
   0.828817E-01   0.191444E+04
   0.845561E-01   0.184898E+04
   0.862642E-01   0.178338E+04
   0.880068E-01   0.171826E+04
   0.897847E-01   0.165432E+04
   0.915985E-01   0.159219E+04
   0.934489E-01   0.153252E+04
   0.953367E-01   0.147588E+04
   0.972626E-01   0.142276E+04
   0.992274E-01   0.137351E+04
   0.101232E+00   0.132842E+04
   0.103277E+00   0.128765E+04
   0.105363E+00   0.125112E+04
   0.107492E+00   0.121873E+04
   0.109663E+00   0.119014E+04
   0.111879E+00   0.116487E+04
   0.114139E+00   0.114236E+04
   0.116445E+00   0.112186E+04
   0.118797E+00   0.110259E+04
   0.121197E+00   0.108370E+04
   0.123645E+00   0.106432E+04
   0.126143E+00   0.104368E+04
   0.128691E+00   0.102108E+04
   0.131291E+00   0.996020E+03
   0.133943E+00   0.968218E+03
   0.136649E+00   0.937657E+03
   0.139409E+00   0.904597E+03
   0.142226E+00   0.869552E+03
   0.145099E+00   0.833266E+03
   0.148030E+00   0.796629E+03
   0.151020E+00   0.760602E+03
   0.154071E+00   0.726129E+03
   0.157184E+00   0.694041E+03
   0.160359E+00   0.664976E+03
   0.163598E+00   0.639336E+03
   0.166903E+00   0.617235E+03
   0.170275E+00   0.598484E+03
   0.173715E+00   0.582644E+03
   0.177224E+00   0.568998E+03
   0.180804E+00   0.556685E+03
   0.184457E+00   0.544755E+03
   0.188183E+00   0.532293E+03
   0.191985E+00   0.518549E+03
   0.195863E+00   0.503036E+03
   0.199820E+00   0.485623E+03
   0.203856E+00   0.466552E+03
   0.207974E+00   0.446389E+03
   0.212176E+00   0.425922E+03
   0.216462E+00   0.406025E+03
   0.220835E+00   0.387493E+03
   0.225296E+00   0.370907E+03
   0.229847E+00   0.356545E+03
   0.234490E+00   0.344343E+03
   0.239227E+00   0.333919E+03
   0.244060E+00   0.324647E+03
   0.248990E+00   0.315789E+03
   0.254020E+00   0.306652E+03
   0.259152E+00   0.296741E+03
   0.264387E+00   0.285868E+03
   0.269728E+00   0.274186E+03
   0.275177E+00   0.262129E+03
   0.280736E+00   0.250279E+03
   0.286407E+00   0.239187E+03
   0.292193E+00   0.229228E+03
   0.298096E+00   0.220505E+03
   0.304118E+00   0.212840E+03
   0.310261E+00   0.205845E+03
   0.316529E+00   0.199058E+03
   0.322923E+00   0.192093E+03
   0.329447E+00   0.184768E+03
   0.336102E+00   0.177147E+03
   0.342892E+00   0.169489E+03
   0.349819E+00   0.162128E+03
   0.356885E+00   0.155327E+03
   0.364095E+00   0.149177E+03
   0.371450E+00   0.143582E+03
   0.378954E+00   0.138316E+03
   0.386609E+00   0.133138E+03
   0.394419E+00   0.127904E+03
   0.402387E+00   0.122615E+03
   0.410516E+00   0.117401E+03
   0.418809E+00   0.112422E+03
   0.427269E+00   0.107783E+03
   0.435901E+00   0.103476E+03
   0.444706E+00   0.994061E+02
   0.453690E+00   0.954536E+02
   0.462855E+00   0.915504E+02
   0.472206E+00   0.877083E+02
   0.481745E+00   0.839928E+02
   0.491477E+00   0.804658E+02
   0.501405E+00   0.771398E+02
   0.511534E+00   0.739766E+02
   0.521868E+00   0.709225E+02
   0.532411E+00   0.679492E+02
   0.543166E+00   0.650661E+02
   0.554139E+00   0.623008E+02
   0.565333E+00   0.596678E+02
   0.576753E+00   0.571563E+02
   0.588404E+00   0.547428E+02
   0.600291E+00   0.524122E+02
   0.612418E+00   0.501664E+02
   0.624789E+00   0.480141E+02
   0.637411E+00   0.459548E+02
   0.650288E+00   0.439821E+02
   0.663424E+00   0.420905E+02
   0.676826E+00   0.402751E+02
   0.690499E+00   0.385322E+02
   0.704448E+00   0.368600E+02
   0.718679E+00   0.352564E+02
   0.733197E+00   0.337195E+02
   0.748009E+00   0.322468E+02
   0.763119E+00   0.308356E+02
   0.778536E+00   0.294833E+02
   0.794263E+00   0.281875E+02
   0.810308E+00   0.269460E+02
   0.826677E+00   0.257567E+02
   0.843378E+00   0.246175E+02
   0.860415E+00   0.235265E+02
   0.877797E+00   0.224818E+02
   0.895529E+00   0.214816E+02
   0.913620E+00   0.205240E+02
   0.932076E+00   0.196074E+02
   0.950906E+00   0.187300E+02
   0.970115E+00   0.178904E+02
   0.989713E+00   0.170869E+02
   0.100971E+01   0.163181E+02
   0.103010E+01   0.155825E+02
   0.105091E+01   0.148787E+02
   0.107214E+01   0.142055E+02
   0.109380E+01   0.135616E+02
   0.111590E+01   0.129458E+02
   0.113844E+01   0.123570E+02
   0.116144E+01   0.117940E+02
   0.118490E+01   0.112558E+02
   0.120884E+01   0.107412E+02
   0.123326E+01   0.102494E+02
   0.125817E+01   0.977934E+01
   0.128359E+01   0.933012E+01
   0.130952E+01   0.890085E+01
   0.133597E+01   0.849071E+01
   0.136296E+01   0.809888E+01
   0.139049E+01   0.772458E+01
   0.141858E+01   0.736705E+01
   0.144724E+01   0.702559E+01
   0.147648E+01   0.669948E+01
   0.150630E+01   0.638806E+01
   0.153673E+01   0.609066E+01
   0.156778E+01   0.580667E+01
   0.159945E+01   0.553550E+01
   0.163176E+01   0.527658E+01
   0.166472E+01   0.502937E+01
   0.169835E+01   0.479336E+01
   0.173266E+01   0.456804E+01
   0.176766E+01   0.435297E+01
   0.180337E+01   0.414771E+01
   0.183980E+01   0.395187E+01
   0.187697E+01   0.376507E+01
   0.191489E+01   0.358693E+01
   0.195357E+01   0.341708E+01
   0.199304E+01   0.325517E+01
   0.203330E+01   0.310087E+01
   0.207437E+01   0.295384E+01
