#           k/h    P           
   0.100000E-03   0.179392E+03
   0.102020E-03   0.182888E+03
   0.104081E-03   0.186452E+03
   0.106184E-03   0.190085E+03
   0.108329E-03   0.193789E+03
   0.110517E-03   0.197565E+03
   0.112750E-03   0.201415E+03
   0.115027E-03   0.205340E+03
   0.117351E-03   0.209341E+03
   0.119722E-03   0.213420E+03
   0.122140E-03   0.217579E+03
   0.124608E-03   0.221818E+03
   0.127125E-03   0.226141E+03
   0.129693E-03   0.230547E+03
   0.132313E-03   0.235040E+03
   0.134986E-03   0.239620E+03
   0.137713E-03   0.244289E+03
   0.140495E-03   0.249049E+03
   0.143333E-03   0.253902E+03
   0.146228E-03   0.258850E+03
   0.149182E-03   0.263894E+03
   0.152196E-03   0.269036E+03
   0.155271E-03   0.274278E+03
   0.158407E-03   0.279623E+03
   0.161607E-03   0.285072E+03
   0.164872E-03   0.290627E+03
   0.168203E-03   0.296290E+03
   0.171601E-03   0.302064E+03
   0.175067E-03   0.307950E+03
   0.178604E-03   0.313950E+03
   0.182212E-03   0.320068E+03
   0.185893E-03   0.326305E+03
   0.189648E-03   0.332663E+03
   0.193479E-03   0.339146E+03
   0.197388E-03   0.345754E+03
   0.201375E-03   0.352492E+03
   0.205443E-03   0.359361E+03
   0.209594E-03   0.366363E+03
   0.213828E-03   0.373502E+03
   0.218147E-03   0.380780E+03
   0.222554E-03   0.388200E+03
   0.227050E-03   0.395765E+03
   0.231637E-03   0.403477E+03
   0.236316E-03   0.411339E+03
   0.241090E-03   0.419354E+03
   0.245960E-03   0.427525E+03
   0.250929E-03   0.435856E+03
   0.255998E-03   0.444349E+03
   0.261170E-03   0.453007E+03
   0.266446E-03   0.461834E+03
   0.271828E-03   0.470833E+03
   0.277319E-03   0.480007E+03
   0.282922E-03   0.489360E+03
   0.288637E-03   0.498895E+03
   0.294468E-03   0.508616E+03
   0.300417E-03   0.518526E+03
   0.306485E-03   0.528629E+03
   0.312677E-03   0.538929E+03
   0.318993E-03   0.549429E+03
   0.325437E-03   0.560133E+03
   0.332012E-03   0.571046E+03
   0.338719E-03   0.582172E+03
   0.345561E-03   0.593513E+03
   0.352542E-03   0.605076E+03
   0.359664E-03   0.616863E+03
   0.366930E-03   0.628880E+03
   0.374342E-03   0.641130E+03
   0.381904E-03   0.653618E+03
   0.389619E-03   0.666349E+03
   0.397490E-03   0.679328E+03
   0.405520E-03   0.692559E+03
   0.413712E-03   0.706046E+03
   0.422070E-03   0.719796E+03
   0.430596E-03   0.733812E+03
   0.439295E-03   0.748101E+03
   0.448169E-03   0.762666E+03
   0.457222E-03   0.777514E+03
   0.466459E-03   0.792650E+03
   0.475882E-03   0.808079E+03
   0.485496E-03   0.823807E+03
   0.495303E-03   0.839839E+03
   0.505309E-03   0.856181E+03
   0.515517E-03   0.872839E+03
   0.525931E-03   0.889819E+03
   0.536556E-03   0.907127E+03
   0.547395E-03   0.924769E+03
   0.558453E-03   0.942750E+03
   0.569734E-03   0.961078E+03
   0.581244E-03   0.979758E+03
   0.592986E-03   0.998798E+03
   0.604965E-03   0.101820E+04
   0.617186E-03   0.103798E+04
   0.629654E-03   0.105814E+04
   0.642374E-03   0.107868E+04
   0.655350E-03   0.109961E+04
   0.668589E-03   0.112095E+04
   0.682096E-03   0.114269E+04
   0.695875E-03   0.116484E+04
   0.709933E-03   0.118741E+04
   0.724274E-03   0.121042E+04
   0.738906E-03   0.123385E+04
   0.753832E-03   0.125773E+04
   0.769061E-03   0.128206E+04
   0.784597E-03   0.130685E+04
   0.800447E-03   0.133210E+04
   0.816617E-03   0.135782E+04
   0.833114E-03   0.138403E+04
   0.849944E-03   0.141072E+04
   0.867114E-03   0.143790E+04
   0.884631E-03   0.146559E+04
   0.902501E-03   0.149379E+04
   0.920733E-03   0.152251E+04
   0.939333E-03   0.155175E+04
   0.958309E-03   0.158153E+04
   0.977668E-03   0.161184E+04
   0.997418E-03   0.164271E+04
   0.101757E-02   0.167413E+04
   0.103812E-02   0.170612E+04
   0.105910E-02   0.173868E+04
   0.108049E-02   0.177182E+04
   0.110232E-02   0.180554E+04
   0.112459E-02   0.183986E+04
   0.114730E-02   0.187479E+04
   0.117048E-02   0.191032E+04
   0.119413E-02   0.194647E+04
   0.121825E-02   0.198325E+04
   0.124286E-02   0.202065E+04
   0.126797E-02   0.205870E+04
   0.129358E-02   0.209740E+04
   0.131971E-02   0.213675E+04
   0.134637E-02   0.217676E+04
   0.137357E-02   0.221744E+04
   0.140132E-02   0.225880E+04
   0.142963E-02   0.230084E+04
   0.145851E-02   0.234358E+04
   0.148797E-02   0.238701E+04
   0.151803E-02   0.243115E+04
   0.154870E-02   0.247601E+04
   0.157998E-02   0.252158E+04
   0.161190E-02   0.256788E+04
   0.164446E-02   0.261492E+04
   0.167768E-02   0.266270E+04
   0.171158E-02   0.271123E+04
   0.174615E-02   0.276052E+04
   0.178143E-02   0.281057E+04
   0.181741E-02   0.286139E+04
   0.185413E-02   0.291298E+04
   0.189158E-02   0.296536E+04
   0.192980E-02   0.301853E+04
   0.196878E-02   0.307249E+04
   0.200855E-02   0.312726E+04
   0.204913E-02   0.318283E+04
   0.209052E-02   0.323921E+04
   0.213276E-02   0.329641E+04
   0.217584E-02   0.335444E+04
   0.221979E-02   0.341329E+04
   0.226464E-02   0.347297E+04
   0.231039E-02   0.353348E+04
   0.235706E-02   0.359484E+04
   0.240467E-02   0.365703E+04
   0.245325E-02   0.372007E+04
   0.250281E-02   0.378396E+04
   0.255337E-02   0.384869E+04
   0.260495E-02   0.391428E+04
   0.265758E-02   0.398071E+04
   0.271126E-02   0.404800E+04
   0.276603E-02   0.411613E+04
   0.282191E-02   0.418512E+04
   0.287892E-02   0.425496E+04
   0.293708E-02   0.432565E+04
   0.299641E-02   0.439718E+04
   0.305694E-02   0.446955E+04
   0.311870E-02   0.454277E+04
   0.318170E-02   0.461682E+04
   0.324597E-02   0.469170E+04
   0.331155E-02   0.476740E+04
   0.337844E-02   0.484392E+04
   0.344669E-02   0.492125E+04
   0.351632E-02   0.499939E+04
   0.358735E-02   0.507831E+04
   0.365982E-02   0.515802E+04
   0.373376E-02   0.523851E+04
   0.380918E-02   0.531975E+04
   0.388613E-02   0.540174E+04
   0.396464E-02   0.548447E+04
   0.404473E-02   0.556791E+04
   0.412644E-02   0.565206E+04
   0.420980E-02   0.573690E+04
   0.429484E-02   0.582240E+04
   0.438160E-02   0.590855E+04
   0.447012E-02   0.599533E+04
   0.456042E-02   0.608272E+04
   0.465255E-02   0.617069E+04
   0.474653E-02   0.625923E+04
   0.484242E-02   0.634829E+04
   0.494024E-02   0.643787E+04
   0.504004E-02   0.652792E+04
   0.514186E-02   0.661843E+04
   0.524573E-02   0.670935E+04
   0.535170E-02   0.680066E+04
   0.545981E-02   0.689231E+04
   0.557011E-02   0.698429E+04
   0.568263E-02   0.707654E+04
   0.579743E-02   0.716903E+04
   0.591455E-02   0.726171E+04
   0.603403E-02   0.735455E+04
   0.615592E-02   0.744750E+04
   0.628028E-02   0.754052E+04
   0.640715E-02   0.763355E+04
   0.653658E-02   0.772654E+04
   0.666863E-02   0.781946E+04
   0.680335E-02   0.791223E+04
   0.694078E-02   0.800481E+04
   0.708100E-02   0.809713E+04
   0.722404E-02   0.818915E+04
   0.736998E-02   0.828079E+04
   0.751886E-02   0.837199E+04
   0.767075E-02   0.846269E+04
   0.782571E-02   0.855282E+04
   0.798380E-02   0.864230E+04
   0.814509E-02   0.873108E+04
   0.830963E-02   0.881906E+04
   0.847750E-02   0.890617E+04
   0.864875E-02   0.899235E+04
   0.882347E-02   0.907750E+04
   0.900171E-02   0.916154E+04
   0.918356E-02   0.924438E+04
   0.936908E-02   0.932595E+04
   0.955835E-02   0.940614E+04
   0.975144E-02   0.948487E+04
   0.994843E-02   0.956204E+04
   0.101494E-01   0.963756E+04
   0.103544E-01   0.971132E+04
   0.105636E-01   0.978323E+04
   0.107770E-01   0.985318E+04
   0.109947E-01   0.992107E+04
   0.112168E-01   0.998679E+04
   0.114434E-01   0.100502E+05
   0.116746E-01   0.101113E+05
   0.119104E-01   0.101698E+05
   0.121510E-01   0.102258E+05
   0.123965E-01   0.102790E+05
   0.126469E-01   0.103294E+05
   0.129024E-01   0.103768E+05
   0.131631E-01   0.104212E+05
   0.134290E-01   0.104623E+05
   0.137003E-01   0.105002E+05
   0.139770E-01   0.105346E+05
   0.142594E-01   0.105655E+05
   0.145474E-01   0.105927E+05
   0.148413E-01   0.106161E+05
   0.151411E-01   0.106357E+05
   0.154470E-01   0.106512E+05
   0.157590E-01   0.106626E+05
   0.160774E-01   0.106699E+05
   0.164022E-01   0.106727E+05
   0.167335E-01   0.106712E+05
   0.170716E-01   0.106651E+05
   0.174164E-01   0.106544E+05
   0.177683E-01   0.106390E+05
   0.181272E-01   0.106188E+05
   0.184934E-01   0.105938E+05
   0.188670E-01   0.105638E+05
   0.192481E-01   0.105289E+05
   0.196370E-01   0.104889E+05
   0.200337E-01   0.104439E+05
   0.204384E-01   0.103938E+05
   0.208513E-01   0.103385E+05
   0.212725E-01   0.102782E+05
   0.217022E-01   0.102127E+05
   0.221406E-01   0.101422E+05
   0.225879E-01   0.100666E+05
   0.230442E-01   0.998605E+04
   0.235097E-01   0.990057E+04
   0.239847E-01   0.981024E+04
   0.244692E-01   0.971518E+04
   0.249635E-01   0.961552E+04
   0.254678E-01   0.951142E+04
   0.259823E-01   0.940300E+04
   0.265072E-01   0.929045E+04
   0.270426E-01   0.917397E+04
   0.275889E-01   0.905379E+04
   0.281463E-01   0.893017E+04
   0.287149E-01   0.880333E+04
   0.292949E-01   0.867353E+04
   0.298867E-01   0.854108E+04
   0.304905E-01   0.840632E+04
   0.311064E-01   0.826958E+04
   0.317348E-01   0.813117E+04
   0.323759E-01   0.799142E+04
   0.330299E-01   0.785071E+04
   0.336972E-01   0.770945E+04
   0.343779E-01   0.756802E+04
   0.350724E-01   0.742678E+04
   0.357809E-01   0.728609E+04
   0.365038E-01   0.714636E+04
   0.372412E-01   0.700799E+04
   0.379935E-01   0.687137E+04
   0.387610E-01   0.673683E+04
   0.395440E-01   0.660472E+04
   0.403429E-01   0.647537E+04
   0.411579E-01   0.634909E+04
   0.419893E-01   0.622619E+04
   0.428375E-01   0.610692E+04
   0.437029E-01   0.599152E+04
   0.445858E-01   0.588014E+04
   0.454865E-01   0.577291E+04
   0.464053E-01   0.566995E+04
   0.473428E-01   0.557136E+04
   0.482992E-01   0.547716E+04
   0.492749E-01   0.538725E+04
   0.502703E-01   0.530148E+04
   0.512858E-01   0.521974E+04
   0.523219E-01   0.514187E+04
   0.533789E-01   0.506754E+04
   0.544572E-01   0.499634E+04
   0.555573E-01   0.492791E+04
   0.566796E-01   0.486184E+04
   0.578246E-01   0.479757E+04
   0.589927E-01   0.473450E+04
   0.601845E-01   0.467204E+04
   0.614003E-01   0.460958E+04
   0.626407E-01   0.454643E+04
   0.639061E-01   0.448190E+04
   0.651971E-01   0.441535E+04
   0.665142E-01   0.434615E+04
   0.678578E-01   0.427372E+04
   0.692287E-01   0.419753E+04
   0.706272E-01   0.411717E+04
   0.720539E-01   0.403234E+04
   0.735095E-01   0.394281E+04
   0.749945E-01   0.384855E+04
   0.765095E-01   0.374976E+04
   0.780551E-01   0.364670E+04
   0.796319E-01   0.353989E+04
   0.812406E-01   0.343003E+04
   0.828817E-01   0.331788E+04
   0.845561E-01   0.320443E+04
   0.862642E-01   0.309074E+04
   0.880068E-01   0.297789E+04
   0.897847E-01   0.286707E+04
   0.915985E-01   0.275940E+04
   0.934489E-01   0.265598E+04
   0.953367E-01   0.255783E+04
   0.972626E-01   0.246576E+04
   0.992274E-01   0.238040E+04
   0.101232E+00   0.230227E+04
   0.103277E+00   0.223160E+04
   0.105363E+00   0.216830E+04
   0.107492E+00   0.211216E+04
   0.109663E+00   0.206261E+04
   0.111879E+00   0.201881E+04
   0.114139E+00   0.197981E+04
   0.116445E+00   0.194427E+04
   0.118797E+00   0.191088E+04
   0.121197E+00   0.187814E+04
   0.123645E+00   0.184456E+04
   0.126143E+00   0.180879E+04
   0.128691E+00   0.176962E+04
   0.131291E+00   0.172619E+04
   0.133943E+00   0.167800E+04
   0.136649E+00   0.162504E+04
   0.139409E+00   0.156774E+04
   0.142226E+00   0.150701E+04
   0.145099E+00   0.144412E+04
   0.148030E+00   0.138062E+04
   0.151020E+00   0.131819E+04
   0.154071E+00   0.125844E+04
   0.157184E+00   0.120283E+04
   0.160359E+00   0.115246E+04
   0.163598E+00   0.110802E+04
   0.166903E+00   0.106972E+04
   0.170275E+00   0.103722E+04
   0.173715E+00   0.100977E+04
   0.177224E+00   0.986121E+03
   0.180804E+00   0.964782E+03
   0.184457E+00   0.944107E+03
   0.188183E+00   0.922508E+03
   0.191985E+00   0.898689E+03
   0.195863E+00   0.871804E+03
   0.199820E+00   0.841625E+03
   0.203856E+00   0.808574E+03
   0.207974E+00   0.773629E+03
   0.212176E+00   0.738158E+03
   0.216462E+00   0.703675E+03
   0.220835E+00   0.671557E+03
   0.225296E+00   0.642813E+03
   0.229847E+00   0.617922E+03
   0.234490E+00   0.596776E+03
   0.239227E+00   0.578710E+03
   0.244060E+00   0.562640E+03
   0.248990E+00   0.547288E+03
   0.254020E+00   0.531454E+03
   0.259152E+00   0.514277E+03
   0.264387E+00   0.495433E+03
   0.269728E+00   0.475187E+03
   0.275177E+00   0.454292E+03
   0.280736E+00   0.433754E+03
   0.286407E+00   0.414531E+03
   0.292193E+00   0.397271E+03
   0.298096E+00   0.382154E+03
   0.304118E+00   0.368870E+03
   0.310261E+00   0.356747E+03
   0.316529E+00   0.344984E+03
   0.322923E+00   0.332913E+03
   0.329447E+00   0.320219E+03
   0.336102E+00   0.307010E+03
   0.342892E+00   0.293739E+03
   0.349819E+00   0.280982E+03
   0.356885E+00   0.269194E+03
   0.364095E+00   0.258536E+03
   0.371450E+00   0.248840E+03
   0.378954E+00   0.239713E+03
   0.386609E+00   0.230740E+03
   0.394419E+00   0.221668E+03
   0.402387E+00   0.212503E+03
   0.410516E+00   0.203466E+03
   0.418809E+00   0.194838E+03
   0.427269E+00   0.186797E+03
   0.435901E+00   0.179333E+03
   0.444706E+00   0.172279E+03
   0.453690E+00   0.165429E+03
   0.462855E+00   0.158665E+03
   0.472206E+00   0.152006E+03
   0.481745E+00   0.145567E+03
   0.491477E+00   0.139454E+03
   0.501405E+00   0.133690E+03
   0.511534E+00   0.128208E+03
   0.521868E+00   0.122915E+03
   0.532411E+00   0.117762E+03
   0.543166E+00   0.112765E+03
   0.554139E+00   0.107972E+03
   0.565333E+00   0.103409E+03
   0.576753E+00   0.990567E+02
   0.588404E+00   0.948738E+02
   0.600291E+00   0.908347E+02
   0.612418E+00   0.869426E+02
   0.624789E+00   0.832125E+02
   0.637411E+00   0.796435E+02
   0.650288E+00   0.762247E+02
   0.663424E+00   0.729464E+02
   0.676826E+00   0.698001E+02
   0.690499E+00   0.667796E+02
   0.704448E+00   0.638815E+02
   0.718679E+00   0.611023E+02
   0.733197E+00   0.584388E+02
   0.748009E+00   0.558865E+02
   0.763119E+00   0.534407E+02
   0.778536E+00   0.510971E+02
   0.794263E+00   0.488514E+02
   0.810308E+00   0.466997E+02
   0.826677E+00   0.446385E+02
   0.843378E+00   0.426643E+02
   0.860415E+00   0.407735E+02
   0.877797E+00   0.389629E+02
   0.895529E+00   0.372294E+02
   0.913620E+00   0.355698E+02
   0.932076E+00   0.339812E+02
   0.950906E+00   0.324607E+02
   0.970115E+00   0.310056E+02
   0.989713E+00   0.296130E+02
   0.100971E+01   0.282806E+02
   0.103010E+01   0.270057E+02
   0.105091E+01   0.257860E+02
   0.107214E+01   0.246193E+02
   0.109380E+01   0.235033E+02
   0.111590E+01   0.224361E+02
   0.113844E+01   0.214157E+02
   0.116144E+01   0.204400E+02
   0.118490E+01   0.195072E+02
   0.120884E+01   0.186155E+02
   0.123326E+01   0.177631E+02
   0.125817E+01   0.169484E+02
   0.128359E+01   0.161699E+02
   0.130952E+01   0.154259E+02
   0.133597E+01   0.147151E+02
   0.136296E+01   0.140360E+02
   0.139049E+01   0.133873E+02
   0.141858E+01   0.127677E+02
   0.144724E+01   0.121759E+02
   0.147648E+01   0.116108E+02
   0.150630E+01   0.110710E+02
   0.153673E+01   0.105556E+02
   0.156778E+01   0.100634E+02
   0.159945E+01   0.959348E+01
   0.163176E+01   0.914475E+01
   0.166472E+01   0.871632E+01
   0.169835E+01   0.830729E+01
   0.173266E+01   0.791680E+01
   0.176766E+01   0.754405E+01
   0.180337E+01   0.718833E+01
   0.183980E+01   0.684893E+01
   0.187697E+01   0.652519E+01
   0.191489E+01   0.621645E+01
   0.195357E+01   0.592208E+01
   0.199304E+01   0.564149E+01
   0.203330E+01   0.537406E+01
   0.207437E+01   0.511924E+01
