#           k/h    P           
   0.100000E-03   0.315836E+03
   0.102020E-03   0.321998E+03
   0.104081E-03   0.328281E+03
   0.106184E-03   0.334687E+03
   0.108329E-03   0.341218E+03
   0.110517E-03   0.347876E+03
   0.112750E-03   0.354665E+03
   0.115027E-03   0.361587E+03
   0.117351E-03   0.368645E+03
   0.119722E-03   0.375841E+03
   0.122140E-03   0.383178E+03
   0.124608E-03   0.390658E+03
   0.127125E-03   0.398285E+03
   0.129693E-03   0.406062E+03
   0.132313E-03   0.413991E+03
   0.134986E-03   0.422076E+03
   0.137713E-03   0.430319E+03
   0.140495E-03   0.438724E+03
   0.143333E-03   0.447294E+03
   0.146228E-03   0.456032E+03
   0.149182E-03   0.464942E+03
   0.152196E-03   0.474027E+03
   0.155271E-03   0.483290E+03
   0.158407E-03   0.492736E+03
   0.161607E-03   0.502367E+03
   0.164872E-03   0.512187E+03
   0.168203E-03   0.522201E+03
   0.171601E-03   0.532412E+03
   0.175067E-03   0.542824E+03
   0.178604E-03   0.553441E+03
   0.182212E-03   0.564267E+03
   0.185893E-03   0.575307E+03
   0.189648E-03   0.586564E+03
   0.193479E-03   0.598044E+03
   0.197388E-03   0.609750E+03
   0.201375E-03   0.621687E+03
   0.205443E-03   0.633860E+03
   0.209594E-03   0.646274E+03
   0.213828E-03   0.658933E+03
   0.218147E-03   0.671843E+03
   0.222554E-03   0.685008E+03
   0.227050E-03   0.698434E+03
   0.231637E-03   0.712127E+03
   0.236316E-03   0.726090E+03
   0.241090E-03   0.740331E+03
   0.245960E-03   0.754854E+03
   0.250929E-03   0.769666E+03
   0.255998E-03   0.784772E+03
   0.261170E-03   0.800178E+03
   0.266446E-03   0.815891E+03
   0.271828E-03   0.831917E+03
   0.277319E-03   0.848262E+03
   0.282922E-03   0.864934E+03
   0.288637E-03   0.881937E+03
   0.294468E-03   0.899280E+03
   0.300417E-03   0.916970E+03
   0.306485E-03   0.935013E+03
   0.312677E-03   0.953417E+03
   0.318993E-03   0.972190E+03
   0.325437E-03   0.991338E+03
   0.332012E-03   0.101087E+04
   0.338719E-03   0.103080E+04
   0.345561E-03   0.105112E+04
   0.352542E-03   0.107185E+04
   0.359664E-03   0.109300E+04
   0.366930E-03   0.111457E+04
   0.374342E-03   0.113658E+04
   0.381904E-03   0.115903E+04
   0.389619E-03   0.118194E+04
   0.397490E-03   0.120530E+04
   0.405520E-03   0.122914E+04
   0.413712E-03   0.125346E+04
   0.422070E-03   0.127827E+04
   0.430596E-03   0.130357E+04
   0.439295E-03   0.132940E+04
   0.448169E-03   0.135574E+04
   0.457222E-03   0.138261E+04
   0.466459E-03   0.141003E+04
   0.475882E-03   0.143800E+04
   0.485496E-03   0.146654E+04
   0.495303E-03   0.149565E+04
   0.505309E-03   0.152536E+04
   0.515517E-03   0.155566E+04
   0.525931E-03   0.158658E+04
   0.536556E-03   0.161811E+04
   0.547395E-03   0.165029E+04
   0.558453E-03   0.168312E+04
   0.569734E-03   0.171660E+04
   0.581244E-03   0.175076E+04
   0.592986E-03   0.178561E+04
   0.604965E-03   0.182115E+04
   0.617186E-03   0.185741E+04
   0.629654E-03   0.189440E+04
   0.642374E-03   0.193212E+04
   0.655350E-03   0.197059E+04
   0.668589E-03   0.200983E+04
   0.682096E-03   0.204985E+04
   0.695875E-03   0.209067E+04
   0.709933E-03   0.213228E+04
   0.724274E-03   0.217472E+04
   0.738906E-03   0.221798E+04
   0.753832E-03   0.226210E+04
   0.769061E-03   0.230707E+04
   0.784597E-03   0.235291E+04
   0.800447E-03   0.239964E+04
   0.816617E-03   0.244727E+04
   0.833114E-03   0.249580E+04
   0.849944E-03   0.254527E+04
   0.867114E-03   0.259566E+04
   0.884631E-03   0.264701E+04
   0.902501E-03   0.269932E+04
   0.920733E-03   0.275260E+04
   0.939333E-03   0.280687E+04
   0.958309E-03   0.286214E+04
   0.977668E-03   0.291842E+04
   0.997418E-03   0.297572E+04
   0.101757E-02   0.303406E+04
   0.103812E-02   0.309344E+04
   0.105910E-02   0.315388E+04
   0.108049E-02   0.321539E+04
   0.110232E-02   0.327798E+04
   0.112459E-02   0.334167E+04
   0.114730E-02   0.340645E+04
   0.117048E-02   0.347236E+04
   0.119413E-02   0.353940E+04
   0.121825E-02   0.360757E+04
   0.124286E-02   0.367690E+04
   0.126797E-02   0.374739E+04
   0.129358E-02   0.381907E+04
   0.131971E-02   0.389193E+04
   0.134637E-02   0.396600E+04
   0.137357E-02   0.404128E+04
   0.140132E-02   0.411779E+04
   0.142963E-02   0.419555E+04
   0.145851E-02   0.427456E+04
   0.148797E-02   0.435485E+04
   0.151803E-02   0.443642E+04
   0.154870E-02   0.451929E+04
   0.157998E-02   0.460347E+04
   0.161190E-02   0.468898E+04
   0.164446E-02   0.477582E+04
   0.167768E-02   0.486402E+04
   0.171158E-02   0.495359E+04
   0.174615E-02   0.504454E+04
   0.178143E-02   0.513687E+04
   0.181741E-02   0.523062E+04
   0.185413E-02   0.532578E+04
   0.189158E-02   0.542237E+04
   0.192980E-02   0.552039E+04
   0.196878E-02   0.561987E+04
   0.200855E-02   0.572082E+04
   0.204913E-02   0.582323E+04
   0.209052E-02   0.592713E+04
   0.213276E-02   0.603251E+04
   0.217584E-02   0.613940E+04
   0.221979E-02   0.624779E+04
   0.226464E-02   0.635771E+04
   0.231039E-02   0.646914E+04
   0.235706E-02   0.658210E+04
   0.240467E-02   0.669660E+04
   0.245325E-02   0.681264E+04
   0.250281E-02   0.693023E+04
   0.255337E-02   0.704937E+04
   0.260495E-02   0.717006E+04
   0.265758E-02   0.729230E+04
   0.271126E-02   0.741610E+04
   0.276603E-02   0.754146E+04
   0.282191E-02   0.766836E+04
   0.287892E-02   0.779683E+04
   0.293708E-02   0.792684E+04
   0.299641E-02   0.805840E+04
   0.305694E-02   0.819150E+04
   0.311870E-02   0.832613E+04
   0.318170E-02   0.846229E+04
   0.324597E-02   0.859997E+04
   0.331155E-02   0.873916E+04
   0.337844E-02   0.887984E+04
   0.344669E-02   0.902200E+04
   0.351632E-02   0.916563E+04
   0.358735E-02   0.931071E+04
   0.365982E-02   0.945722E+04
   0.373376E-02   0.960515E+04
   0.380918E-02   0.975447E+04
   0.388613E-02   0.990515E+04
   0.396464E-02   0.100572E+05
   0.404473E-02   0.102105E+05
   0.412644E-02   0.103651E+05
   0.420980E-02   0.105210E+05
   0.429484E-02   0.106781E+05
   0.438160E-02   0.108364E+05
   0.447012E-02   0.109959E+05
   0.456042E-02   0.111564E+05
   0.465255E-02   0.113181E+05
   0.474653E-02   0.114807E+05
   0.484242E-02   0.116443E+05
   0.494024E-02   0.118089E+05
   0.504004E-02   0.119743E+05
   0.514186E-02   0.121406E+05
   0.524573E-02   0.123076E+05
   0.535170E-02   0.124753E+05
   0.545981E-02   0.126436E+05
   0.557011E-02   0.128126E+05
   0.568263E-02   0.129820E+05
   0.579743E-02   0.131519E+05
   0.591455E-02   0.133221E+05
   0.603403E-02   0.134926E+05
   0.615592E-02   0.136633E+05
   0.628028E-02   0.138342E+05
   0.640715E-02   0.140050E+05
   0.653658E-02   0.141758E+05
   0.666863E-02   0.143464E+05
   0.680335E-02   0.145168E+05
   0.694078E-02   0.146868E+05
   0.708100E-02   0.148564E+05
   0.722404E-02   0.150253E+05
   0.736998E-02   0.151936E+05
   0.751886E-02   0.153611E+05
   0.767075E-02   0.155276E+05
   0.782571E-02   0.156931E+05
   0.798380E-02   0.158575E+05
   0.814509E-02   0.160205E+05
   0.830963E-02   0.161820E+05
   0.847750E-02   0.163420E+05
   0.864875E-02   0.165002E+05
   0.882347E-02   0.166566E+05
   0.900171E-02   0.168109E+05
   0.918356E-02   0.169630E+05
   0.936908E-02   0.171128E+05
   0.955835E-02   0.172600E+05
   0.975144E-02   0.174046E+05
   0.994843E-02   0.175463E+05
   0.101494E-01   0.176850E+05
   0.103544E-01   0.178204E+05
   0.105636E-01   0.179524E+05
   0.107770E-01   0.180809E+05
   0.109947E-01   0.182055E+05
   0.112168E-01   0.183262E+05
   0.114434E-01   0.184427E+05
   0.116746E-01   0.185548E+05
   0.119104E-01   0.186623E+05
   0.121510E-01   0.187650E+05
   0.123965E-01   0.188628E+05
   0.126469E-01   0.189553E+05
   0.129024E-01   0.190424E+05
   0.131631E-01   0.191238E+05
   0.134290E-01   0.191994E+05
   0.137003E-01   0.192689E+05
   0.139770E-01   0.193321E+05
   0.142594E-01   0.193888E+05
   0.145474E-01   0.194388E+05
   0.148413E-01   0.194819E+05
   0.151411E-01   0.195178E+05
   0.154470E-01   0.195464E+05
   0.157590E-01   0.195674E+05
   0.160774E-01   0.195806E+05
   0.164022E-01   0.195859E+05
   0.167335E-01   0.195831E+05
   0.170716E-01   0.195720E+05
   0.174164E-01   0.195524E+05
   0.177683E-01   0.195242E+05
   0.181272E-01   0.194872E+05
   0.184934E-01   0.194413E+05
   0.188670E-01   0.193863E+05
   0.192481E-01   0.193223E+05
   0.196370E-01   0.192489E+05
   0.200337E-01   0.191663E+05
   0.204384E-01   0.190743E+05
   0.208513E-01   0.189730E+05
   0.212725E-01   0.188623E+05
   0.217022E-01   0.187422E+05
   0.221406E-01   0.186127E+05
   0.225879E-01   0.184740E+05
   0.230442E-01   0.183262E+05
   0.235097E-01   0.181693E+05
   0.239847E-01   0.180036E+05
   0.244692E-01   0.178292E+05
   0.249635E-01   0.176463E+05
   0.254678E-01   0.174552E+05
   0.259823E-01   0.172563E+05
   0.265072E-01   0.170498E+05
   0.270426E-01   0.168360E+05
   0.275889E-01   0.166155E+05
   0.281463E-01   0.163886E+05
   0.287149E-01   0.161558E+05
   0.292949E-01   0.159176E+05
   0.298867E-01   0.156746E+05
   0.304905E-01   0.154273E+05
   0.311064E-01   0.151763E+05
   0.317348E-01   0.149223E+05
   0.323759E-01   0.146659E+05
   0.330299E-01   0.144076E+05
   0.336972E-01   0.141484E+05
   0.343779E-01   0.138889E+05
   0.350724E-01   0.136297E+05
   0.357809E-01   0.133715E+05
   0.365038E-01   0.131151E+05
   0.372412E-01   0.128611E+05
   0.379935E-01   0.126104E+05
   0.387610E-01   0.123635E+05
   0.395440E-01   0.121210E+05
   0.403429E-01   0.118837E+05
   0.411579E-01   0.116519E+05
   0.419893E-01   0.114264E+05
   0.428375E-01   0.112075E+05
   0.437029E-01   0.109957E+05
   0.445858E-01   0.107913E+05
   0.454865E-01   0.105945E+05
   0.464053E-01   0.104056E+05
   0.473428E-01   0.102246E+05
   0.482992E-01   0.100518E+05
   0.492749E-01   0.988675E+04
   0.502703E-01   0.972935E+04
   0.512858E-01   0.957934E+04
   0.523219E-01   0.943643E+04
   0.533789E-01   0.930002E+04
   0.544572E-01   0.916937E+04
   0.555573E-01   0.904377E+04
   0.566796E-01   0.892252E+04
   0.578246E-01   0.880459E+04
   0.589927E-01   0.868884E+04
   0.601845E-01   0.857421E+04
   0.614003E-01   0.845959E+04
   0.626407E-01   0.834369E+04
   0.639061E-01   0.822527E+04
   0.651971E-01   0.810312E+04
   0.665142E-01   0.797613E+04
   0.678578E-01   0.784321E+04
   0.692287E-01   0.770339E+04
   0.706272E-01   0.755591E+04
   0.720539E-01   0.740022E+04
   0.735095E-01   0.723592E+04
   0.749945E-01   0.706293E+04
   0.765095E-01   0.688163E+04
   0.780551E-01   0.669250E+04
   0.796319E-01   0.649648E+04
   0.812406E-01   0.629487E+04
   0.828817E-01   0.608904E+04
   0.845561E-01   0.588084E+04
   0.862642E-01   0.567219E+04
   0.880068E-01   0.546508E+04
   0.897847E-01   0.526171E+04
   0.915985E-01   0.506411E+04
   0.934489E-01   0.487432E+04
   0.953367E-01   0.469418E+04
   0.972626E-01   0.452521E+04
   0.992274E-01   0.436856E+04
   0.101232E+00   0.422517E+04
   0.103277E+00   0.409549E+04
   0.105363E+00   0.397930E+04
   0.107492E+00   0.387629E+04
   0.109663E+00   0.378535E+04
   0.111879E+00   0.370496E+04
   0.114139E+00   0.363338E+04
   0.116445E+00   0.356817E+04
   0.118797E+00   0.350690E+04
   0.121197E+00   0.344681E+04
   0.123645E+00   0.338518E+04
   0.126143E+00   0.331953E+04
   0.128691E+00   0.324764E+04
   0.131291E+00   0.316793E+04
   0.133943E+00   0.307951E+04
   0.136649E+00   0.298230E+04
   0.139409E+00   0.287715E+04
   0.142226E+00   0.276569E+04
   0.145099E+00   0.265028E+04
   0.148030E+00   0.253375E+04
   0.151020E+00   0.241917E+04
   0.154071E+00   0.230952E+04
   0.157184E+00   0.220746E+04
   0.160359E+00   0.211502E+04
   0.163598E+00   0.203347E+04
   0.166903E+00   0.196317E+04
   0.170275E+00   0.190354E+04
   0.173715E+00   0.185315E+04
   0.177224E+00   0.180975E+04
   0.180804E+00   0.177059E+04
   0.184457E+00   0.173265E+04
   0.188183E+00   0.169301E+04
   0.191985E+00   0.164930E+04
   0.195863E+00   0.159996E+04
   0.199820E+00   0.154457E+04
   0.203856E+00   0.148391E+04
   0.207974E+00   0.141978E+04
   0.212176E+00   0.135468E+04
   0.216462E+00   0.129140E+04
   0.220835E+00   0.123246E+04
   0.225296E+00   0.117971E+04
   0.229847E+00   0.113402E+04
   0.234490E+00   0.109522E+04
   0.239227E+00   0.106206E+04
   0.244060E+00   0.103257E+04
   0.248990E+00   0.100440E+04
   0.254020E+00   0.975337E+03
   0.259152E+00   0.943813E+03
   0.264387E+00   0.909230E+03
   0.269728E+00   0.872074E+03
   0.275177E+00   0.833728E+03
   0.280736E+00   0.796035E+03
   0.286407E+00   0.760756E+03
   0.292193E+00   0.729081E+03
   0.298096E+00   0.701337E+03
   0.304118E+00   0.676958E+03
   0.310261E+00   0.654711E+03
   0.316529E+00   0.633123E+03
   0.322923E+00   0.610971E+03
   0.329447E+00   0.587673E+03
   0.336102E+00   0.563432E+03
   0.342892E+00   0.539077E+03
   0.349819E+00   0.515665E+03
   0.356885E+00   0.494031E+03
   0.364095E+00   0.474472E+03
   0.371450E+00   0.456677E+03
   0.378954E+00   0.439927E+03
   0.386609E+00   0.423459E+03
   0.394419E+00   0.406810E+03
   0.402387E+00   0.389990E+03
   0.410516E+00   0.373405E+03
   0.418809E+00   0.357570E+03
   0.427269E+00   0.342814E+03
   0.435901E+00   0.329116E+03
   0.444706E+00   0.316171E+03
   0.453690E+00   0.303599E+03
   0.462855E+00   0.291185E+03
   0.472206E+00   0.278965E+03
   0.481745E+00   0.267147E+03
   0.491477E+00   0.255929E+03
   0.501405E+00   0.245351E+03
   0.511534E+00   0.235290E+03
   0.521868E+00   0.225576E+03
   0.532411E+00   0.216119E+03
   0.543166E+00   0.206949E+03
   0.554139E+00   0.198154E+03
   0.565333E+00   0.189779E+03
   0.576753E+00   0.181791E+03
   0.588404E+00   0.174115E+03
   0.600291E+00   0.166702E+03
   0.612418E+00   0.159559E+03
   0.624789E+00   0.152714E+03
   0.637411E+00   0.146164E+03
   0.650288E+00   0.139889E+03
   0.663424E+00   0.133873E+03
   0.676826E+00   0.128099E+03
   0.690499E+00   0.122556E+03
   0.704448E+00   0.117237E+03
   0.718679E+00   0.112136E+03
   0.733197E+00   0.107248E+03
   0.748009E+00   0.102564E+03
   0.763119E+00   0.980757E+02
   0.778536E+00   0.937746E+02
   0.794263E+00   0.896532E+02
   0.810308E+00   0.857045E+02
   0.826677E+00   0.819217E+02
   0.843378E+00   0.782985E+02
   0.860415E+00   0.748285E+02
   0.877797E+00   0.715057E+02
   0.895529E+00   0.683242E+02
   0.913620E+00   0.652785E+02
   0.932076E+00   0.623631E+02
   0.950906E+00   0.595727E+02
   0.970115E+00   0.569022E+02
   0.989713E+00   0.543466E+02
   0.100971E+01   0.519012E+02
   0.103010E+01   0.495615E+02
   0.105091E+01   0.473231E+02
   0.107214E+01   0.451819E+02
   0.109380E+01   0.431339E+02
   0.111590E+01   0.411753E+02
   0.113844E+01   0.393026E+02
   0.116144E+01   0.375120E+02
   0.118490E+01   0.358001E+02
   0.120884E+01   0.341636E+02
   0.123326E+01   0.325993E+02
   0.125817E+01   0.311042E+02
   0.128359E+01   0.296753E+02
   0.130952E+01   0.283100E+02
   0.133597E+01   0.270055E+02
   0.136296E+01   0.257593E+02
   0.139049E+01   0.245688E+02
   0.141858E+01   0.234316E+02
   0.144724E+01   0.223456E+02
   0.147648E+01   0.213084E+02
   0.150630E+01   0.203178E+02
   0.153673E+01   0.193719E+02
   0.156778E+01   0.184687E+02
   0.159945E+01   0.176062E+02
   0.163176E+01   0.167827E+02
   0.166472E+01   0.159964E+02
   0.169835E+01   0.152457E+02
   0.173266E+01   0.145291E+02
   0.176766E+01   0.138450E+02
   0.180337E+01   0.131922E+02
   0.183980E+01   0.125693E+02
   0.187697E+01   0.119752E+02
   0.191489E+01   0.114086E+02
   0.195357E+01   0.108684E+02
   0.199304E+01   0.103534E+02
   0.203330E+01   0.986261E+01
   0.207437E+01   0.939496E+01
