#           k/h    P           
   0.100000E-03   0.363404E+03
   0.102020E-03   0.370499E+03
   0.104081E-03   0.377734E+03
   0.106184E-03   0.385110E+03
   0.108329E-03   0.392631E+03
   0.110517E-03   0.400300E+03
   0.112750E-03   0.408119E+03
   0.115027E-03   0.416092E+03
   0.117351E-03   0.424221E+03
   0.119722E-03   0.432510E+03
   0.122140E-03   0.440962E+03
   0.124608E-03   0.449580E+03
   0.127125E-03   0.458367E+03
   0.129693E-03   0.467327E+03
   0.132313E-03   0.476464E+03
   0.134986E-03   0.485780E+03
   0.137713E-03   0.495280E+03
   0.140495E-03   0.504967E+03
   0.143333E-03   0.514845E+03
   0.146228E-03   0.524917E+03
   0.149182E-03   0.535189E+03
   0.152196E-03   0.545663E+03
   0.155271E-03   0.556344E+03
   0.158407E-03   0.567235E+03
   0.161607E-03   0.578343E+03
   0.164872E-03   0.589669E+03
   0.168203E-03   0.601220E+03
   0.171601E-03   0.612999E+03
   0.175067E-03   0.625012E+03
   0.178604E-03   0.637263E+03
   0.182212E-03   0.649757E+03
   0.185893E-03   0.662498E+03
   0.189648E-03   0.675493E+03
   0.193479E-03   0.688746E+03
   0.197388E-03   0.702262E+03
   0.201375E-03   0.716047E+03
   0.205443E-03   0.730107E+03
   0.209594E-03   0.744447E+03
   0.213828E-03   0.759072E+03
   0.218147E-03   0.773990E+03
   0.222554E-03   0.789205E+03
   0.227050E-03   0.804725E+03
   0.231637E-03   0.820555E+03
   0.236316E-03   0.836702E+03
   0.241090E-03   0.853173E+03
   0.245960E-03   0.869974E+03
   0.250929E-03   0.887112E+03
   0.255998E-03   0.904595E+03
   0.261170E-03   0.922429E+03
   0.266446E-03   0.940622E+03
   0.271828E-03   0.959182E+03
   0.277319E-03   0.978116E+03
   0.282922E-03   0.997432E+03
   0.288637E-03   0.101714E+04
   0.294468E-03   0.103724E+04
   0.300417E-03   0.105776E+04
   0.306485E-03   0.107869E+04
   0.312677E-03   0.110004E+04
   0.318993E-03   0.112183E+04
   0.325437E-03   0.114406E+04
   0.332012E-03   0.116674E+04
   0.338719E-03   0.118988E+04
   0.345561E-03   0.121350E+04
   0.352542E-03   0.123760E+04
   0.359664E-03   0.126219E+04
   0.366930E-03   0.128729E+04
   0.374342E-03   0.131290E+04
   0.381904E-03   0.133903E+04
   0.389619E-03   0.136570E+04
   0.397490E-03   0.139292E+04
   0.405520E-03   0.142070E+04
   0.413712E-03   0.144904E+04
   0.422070E-03   0.147798E+04
   0.430596E-03   0.150750E+04
   0.439295E-03   0.153764E+04
   0.448169E-03   0.156840E+04
   0.457222E-03   0.159979E+04
   0.466459E-03   0.163183E+04
   0.475882E-03   0.166453E+04
   0.485496E-03   0.169790E+04
   0.495303E-03   0.173196E+04
   0.505309E-03   0.176673E+04
   0.515517E-03   0.180221E+04
   0.525931E-03   0.183843E+04
   0.536556E-03   0.187539E+04
   0.547395E-03   0.191311E+04
   0.558453E-03   0.195161E+04
   0.569734E-03   0.199090E+04
   0.581244E-03   0.203099E+04
   0.592986E-03   0.207191E+04
   0.604965E-03   0.211367E+04
   0.617186E-03   0.215627E+04
   0.629654E-03   0.219975E+04
   0.642374E-03   0.224411E+04
   0.655350E-03   0.228937E+04
   0.668589E-03   0.233554E+04
   0.682096E-03   0.238265E+04
   0.695875E-03   0.243070E+04
   0.709933E-03   0.247971E+04
   0.724274E-03   0.252970E+04
   0.738906E-03   0.258069E+04
   0.753832E-03   0.263268E+04
   0.769061E-03   0.268569E+04
   0.784597E-03   0.273974E+04
   0.800447E-03   0.279485E+04
   0.816617E-03   0.285102E+04
   0.833114E-03   0.290827E+04
   0.849944E-03   0.296662E+04
   0.867114E-03   0.302607E+04
   0.884631E-03   0.308665E+04
   0.902501E-03   0.314837E+04
   0.920733E-03   0.321124E+04
   0.939333E-03   0.327527E+04
   0.958309E-03   0.334047E+04
   0.977668E-03   0.340687E+04
   0.997418E-03   0.347447E+04
   0.101757E-02   0.354328E+04
   0.103812E-02   0.361332E+04
   0.105910E-02   0.368460E+04
   0.108049E-02   0.375714E+04
   0.110232E-02   0.383094E+04
   0.112459E-02   0.390601E+04
   0.114730E-02   0.398238E+04
   0.117048E-02   0.406006E+04
   0.119413E-02   0.413905E+04
   0.121825E-02   0.421938E+04
   0.124286E-02   0.430105E+04
   0.126797E-02   0.438409E+04
   0.129358E-02   0.446850E+04
   0.131971E-02   0.455430E+04
   0.134637E-02   0.464150E+04
   0.137357E-02   0.473013E+04
   0.140132E-02   0.482020E+04
   0.142963E-02   0.491172E+04
   0.145851E-02   0.500470E+04
   0.148797E-02   0.509918E+04
   0.151803E-02   0.519516E+04
   0.154870E-02   0.529265E+04
   0.157998E-02   0.539168E+04
   0.161190E-02   0.549227E+04
   0.164446E-02   0.559442E+04
   0.167768E-02   0.569815E+04
   0.171158E-02   0.580349E+04
   0.174615E-02   0.591043E+04
   0.178143E-02   0.601901E+04
   0.181741E-02   0.612923E+04
   0.185413E-02   0.624111E+04
   0.189158E-02   0.635466E+04
   0.192980E-02   0.646989E+04
   0.196878E-02   0.658683E+04
   0.200855E-02   0.670547E+04
   0.204913E-02   0.682584E+04
   0.209052E-02   0.694793E+04
   0.213276E-02   0.707178E+04
   0.217584E-02   0.719738E+04
   0.221979E-02   0.732474E+04
   0.226464E-02   0.745389E+04
   0.231039E-02   0.758481E+04
   0.235706E-02   0.771753E+04
   0.240467E-02   0.785204E+04
   0.245325E-02   0.798836E+04
   0.250281E-02   0.812649E+04
   0.255337E-02   0.826644E+04
   0.260495E-02   0.840820E+04
   0.265758E-02   0.855178E+04
   0.271126E-02   0.869719E+04
   0.276603E-02   0.884442E+04
   0.282191E-02   0.899347E+04
   0.287892E-02   0.914434E+04
   0.293708E-02   0.929702E+04
   0.299641E-02   0.945152E+04
   0.305694E-02   0.960782E+04
   0.311870E-02   0.976592E+04
   0.318170E-02   0.992581E+04
   0.324597E-02   0.100875E+05
   0.331155E-02   0.102509E+05
   0.337844E-02   0.104161E+05
   0.344669E-02   0.105830E+05
   0.351632E-02   0.107517E+05
   0.358735E-02   0.109220E+05
   0.365982E-02   0.110940E+05
   0.373376E-02   0.112677E+05
   0.380918E-02   0.114430E+05
   0.388613E-02   0.116199E+05
   0.396464E-02   0.117984E+05
   0.404473E-02   0.119784E+05
   0.412644E-02   0.121599E+05
   0.420980E-02   0.123429E+05
   0.429484E-02   0.125274E+05
   0.438160E-02   0.127132E+05
   0.447012E-02   0.129004E+05
   0.456042E-02   0.130888E+05
   0.465255E-02   0.132786E+05
   0.474653E-02   0.134695E+05
   0.484242E-02   0.136616E+05
   0.494024E-02   0.138547E+05
   0.504004E-02   0.140489E+05
   0.514186E-02   0.142441E+05
   0.524573E-02   0.144401E+05
   0.535170E-02   0.146370E+05
   0.545981E-02   0.148346E+05
   0.557011E-02   0.150329E+05
   0.568263E-02   0.152318E+05
   0.579743E-02   0.154311E+05
   0.591455E-02   0.156310E+05
   0.603403E-02   0.158311E+05
   0.615592E-02   0.160315E+05
   0.628028E-02   0.162320E+05
   0.640715E-02   0.164325E+05
   0.653658E-02   0.166330E+05
   0.666863E-02   0.168332E+05
   0.680335E-02   0.170332E+05
   0.694078E-02   0.172327E+05
   0.708100E-02   0.174317E+05
   0.722404E-02   0.176301E+05
   0.736998E-02   0.178276E+05
   0.751886E-02   0.180241E+05
   0.767075E-02   0.182196E+05
   0.782571E-02   0.184139E+05
   0.798380E-02   0.186067E+05
   0.814509E-02   0.187980E+05
   0.830963E-02   0.189877E+05
   0.847750E-02   0.191754E+05
   0.864875E-02   0.193611E+05
   0.882347E-02   0.195446E+05
   0.900171E-02   0.197257E+05
   0.918356E-02   0.199043E+05
   0.936908E-02   0.200800E+05
   0.955835E-02   0.202529E+05
   0.975144E-02   0.204225E+05
   0.994843E-02   0.205888E+05
   0.101494E-01   0.207516E+05
   0.103544E-01   0.209105E+05
   0.105636E-01   0.210655E+05
   0.107770E-01   0.212162E+05
   0.109947E-01   0.213625E+05
   0.112168E-01   0.215042E+05
   0.114434E-01   0.216409E+05
   0.116746E-01   0.217724E+05
   0.119104E-01   0.218986E+05
   0.121510E-01   0.220192E+05
   0.123965E-01   0.221339E+05
   0.126469E-01   0.222425E+05
   0.129024E-01   0.223447E+05
   0.131631E-01   0.224403E+05
   0.134290E-01   0.225290E+05
   0.137003E-01   0.226106E+05
   0.139770E-01   0.226848E+05
   0.142594E-01   0.227514E+05
   0.145474E-01   0.228100E+05
   0.148413E-01   0.228606E+05
   0.151411E-01   0.229027E+05
   0.154470E-01   0.229363E+05
   0.157590E-01   0.229609E+05
   0.160774E-01   0.229765E+05
   0.164022E-01   0.229828E+05
   0.167335E-01   0.229795E+05
   0.170716E-01   0.229665E+05
   0.174164E-01   0.229435E+05
   0.177683E-01   0.229104E+05
   0.181272E-01   0.228670E+05
   0.184934E-01   0.228131E+05
   0.188670E-01   0.227486E+05
   0.192481E-01   0.226734E+05
   0.196370E-01   0.225874E+05
   0.200337E-01   0.224905E+05
   0.204384E-01   0.223826E+05
   0.208513E-01   0.222637E+05
   0.212725E-01   0.221337E+05
   0.217022E-01   0.219928E+05
   0.221406E-01   0.218409E+05
   0.225879E-01   0.216782E+05
   0.230442E-01   0.215047E+05
   0.235097E-01   0.213207E+05
   0.239847E-01   0.211262E+05
   0.244692E-01   0.209215E+05
   0.249635E-01   0.207069E+05
   0.254678E-01   0.204827E+05
   0.259823E-01   0.202493E+05
   0.265072E-01   0.200069E+05
   0.270426E-01   0.197561E+05
   0.275889E-01   0.194973E+05
   0.281463E-01   0.192311E+05
   0.287149E-01   0.189580E+05
   0.292949E-01   0.186785E+05
   0.298867E-01   0.183933E+05
   0.304905E-01   0.181031E+05
   0.311064E-01   0.178086E+05
   0.317348E-01   0.175105E+05
   0.323759E-01   0.172096E+05
   0.330299E-01   0.169066E+05
   0.336972E-01   0.166024E+05
   0.343779E-01   0.162978E+05
   0.350724E-01   0.159937E+05
   0.357809E-01   0.156907E+05
   0.365038E-01   0.153898E+05
   0.372412E-01   0.150918E+05
   0.379935E-01   0.147976E+05
   0.387610E-01   0.145079E+05
   0.395440E-01   0.142234E+05
   0.403429E-01   0.139448E+05
   0.411579E-01   0.136729E+05
   0.419893E-01   0.134082E+05
   0.428375E-01   0.131514E+05
   0.437029E-01   0.129029E+05
   0.445858E-01   0.126630E+05
   0.454865E-01   0.124321E+05
   0.464053E-01   0.122104E+05
   0.473428E-01   0.119981E+05
   0.482992E-01   0.117952E+05
   0.492749E-01   0.116016E+05
   0.502703E-01   0.114169E+05
   0.512858E-01   0.112409E+05
   0.523219E-01   0.110732E+05
   0.533789E-01   0.109131E+05
   0.544572E-01   0.107598E+05
   0.555573E-01   0.106124E+05
   0.566796E-01   0.104701E+05
   0.578246E-01   0.103317E+05
   0.589927E-01   0.101959E+05
   0.601845E-01   0.100614E+05
   0.614003E-01   0.992689E+04
   0.626407E-01   0.979090E+04
   0.639061E-01   0.965193E+04
   0.651971E-01   0.950860E+04
   0.665142E-01   0.935958E+04
   0.678578E-01   0.920361E+04
   0.692287E-01   0.903954E+04
   0.706272E-01   0.886648E+04
   0.720539E-01   0.868379E+04
   0.735095E-01   0.849098E+04
   0.749945E-01   0.828799E+04
   0.765095E-01   0.807525E+04
   0.780551E-01   0.785331E+04
   0.796319E-01   0.762329E+04
   0.812406E-01   0.738671E+04
   0.828817E-01   0.714518E+04
   0.845561E-01   0.690087E+04
   0.862642E-01   0.665603E+04
   0.880068E-01   0.641299E+04
   0.897847E-01   0.617436E+04
   0.915985E-01   0.594248E+04
   0.934489E-01   0.571977E+04
   0.953367E-01   0.550838E+04
   0.972626E-01   0.531011E+04
   0.992274E-01   0.512629E+04
   0.101232E+00   0.495802E+04
   0.103277E+00   0.480585E+04
   0.105363E+00   0.466951E+04
   0.107492E+00   0.454863E+04
   0.109663E+00   0.444192E+04
   0.111879E+00   0.434759E+04
   0.114139E+00   0.426359E+04
   0.116445E+00   0.418707E+04
   0.118797E+00   0.411517E+04
   0.121197E+00   0.404466E+04
   0.123645E+00   0.397234E+04
   0.126143E+00   0.389530E+04
   0.128691E+00   0.381094E+04
   0.131291E+00   0.371741E+04
   0.133943E+00   0.361365E+04
   0.136649E+00   0.349959E+04
   0.139409E+00   0.337620E+04
   0.142226E+00   0.324540E+04
   0.145099E+00   0.310997E+04
   0.148030E+00   0.297323E+04
   0.151020E+00   0.283877E+04
   0.154071E+00   0.271011E+04
   0.157184E+00   0.259035E+04
   0.160359E+00   0.248187E+04
   0.163598E+00   0.238617E+04
   0.166903E+00   0.230369E+04
   0.170275E+00   0.223370E+04
   0.173715E+00   0.217458E+04
   0.177224E+00   0.212365E+04
   0.180804E+00   0.207770E+04
   0.184457E+00   0.203317E+04
   0.188183E+00   0.198666E+04
   0.191985E+00   0.193537E+04
   0.195863E+00   0.187747E+04
   0.199820E+00   0.181248E+04
   0.203856E+00   0.174130E+04
   0.207974E+00   0.166604E+04
   0.212176E+00   0.158965E+04
   0.216462E+00   0.151539E+04
   0.220835E+00   0.144623E+04
   0.225296E+00   0.138433E+04
   0.229847E+00   0.133072E+04
   0.234490E+00   0.128518E+04
   0.239227E+00   0.124628E+04
   0.244060E+00   0.121167E+04
   0.248990E+00   0.117861E+04
   0.254020E+00   0.114451E+04
   0.259152E+00   0.110752E+04
   0.264387E+00   0.106694E+04
   0.269728E+00   0.102333E+04
   0.275177E+00   0.978338E+03
   0.280736E+00   0.934108E+03
   0.286407E+00   0.892710E+03
   0.292193E+00   0.855540E+03
   0.298096E+00   0.822984E+03
   0.304118E+00   0.794377E+03
   0.310261E+00   0.768271E+03
   0.316529E+00   0.742938E+03
   0.322923E+00   0.716944E+03
   0.329447E+00   0.689605E+03
   0.336102E+00   0.661160E+03
   0.342892E+00   0.632580E+03
   0.349819E+00   0.605107E+03
   0.356885E+00   0.579721E+03
   0.364095E+00   0.556769E+03
   0.371450E+00   0.535887E+03
   0.378954E+00   0.516233E+03
   0.386609E+00   0.496908E+03
   0.394419E+00   0.477371E+03
   0.402387E+00   0.457634E+03
   0.410516E+00   0.438172E+03
   0.418809E+00   0.419591E+03
   0.427269E+00   0.402275E+03
   0.435901E+00   0.386202E+03
   0.444706E+00   0.371010E+03
   0.453690E+00   0.356259E+03
   0.462855E+00   0.341691E+03
   0.472206E+00   0.327351E+03
   0.481745E+00   0.313484E+03
   0.491477E+00   0.300320E+03
   0.501405E+00   0.287907E+03
   0.511534E+00   0.276101E+03
   0.521868E+00   0.264702E+03
   0.532411E+00   0.253605E+03
   0.543166E+00   0.242844E+03
   0.554139E+00   0.232523E+03
   0.565333E+00   0.222696E+03
   0.576753E+00   0.213323E+03
   0.588404E+00   0.204315E+03
   0.600291E+00   0.195616E+03
   0.612418E+00   0.187235E+03
   0.624789E+00   0.179202E+03
   0.637411E+00   0.171516E+03
   0.650288E+00   0.164153E+03
   0.663424E+00   0.157093E+03
   0.676826E+00   0.150318E+03
   0.690499E+00   0.143813E+03
   0.704448E+00   0.137572E+03
   0.718679E+00   0.131587E+03
   0.733197E+00   0.125850E+03
   0.748009E+00   0.120354E+03
   0.763119E+00   0.115087E+03
   0.778536E+00   0.110040E+03
   0.794263E+00   0.105204E+03
   0.810308E+00   0.100570E+03
   0.826677E+00   0.961311E+02
   0.843378E+00   0.918794E+02
   0.860415E+00   0.878075E+02
   0.877797E+00   0.839083E+02
   0.895529E+00   0.801751E+02
   0.913620E+00   0.766011E+02
   0.932076E+00   0.731800E+02
   0.950906E+00   0.699056E+02
   0.970115E+00   0.667719E+02
   0.989713E+00   0.637730E+02
   0.100971E+01   0.609035E+02
   0.103010E+01   0.581580E+02
   0.105091E+01   0.555314E+02
   0.107214E+01   0.530187E+02
   0.109380E+01   0.506155E+02
   0.111590E+01   0.483172E+02
   0.113844E+01   0.461196E+02
   0.116144E+01   0.440185E+02
   0.118490E+01   0.420096E+02
   0.120884E+01   0.400892E+02
   0.123326E+01   0.382536E+02
   0.125817E+01   0.364992E+02
   0.128359E+01   0.348225E+02
   0.130952E+01   0.332204E+02
   0.133597E+01   0.316896E+02
   0.136296E+01   0.302272E+02
   0.139049E+01   0.288302E+02
   0.141858E+01   0.274958E+02
   0.144724E+01   0.262214E+02
   0.147648E+01   0.250043E+02
   0.150630E+01   0.238420E+02
   0.153673E+01   0.227320E+02
   0.156778E+01   0.216721E+02
   0.159945E+01   0.206600E+02
   0.163176E+01   0.196936E+02
   0.166472E+01   0.187710E+02
   0.169835E+01   0.178901E+02
   0.173266E+01   0.170492E+02
   0.176766E+01   0.162465E+02
   0.180337E+01   0.154804E+02
   0.183980E+01   0.147495E+02
   0.187697E+01   0.140523E+02
   0.191489E+01   0.133874E+02
   0.195357E+01   0.127535E+02
   0.199304E+01   0.121492E+02
   0.203330E+01   0.115733E+02
   0.207437E+01   0.110245E+02
