#           k/h    P           
   0.100000E-03   0.229058E+03
   0.102020E-03   0.233523E+03
   0.104081E-03   0.238075E+03
   0.106184E-03   0.242716E+03
   0.108329E-03   0.247448E+03
   0.110517E-03   0.252271E+03
   0.112750E-03   0.257189E+03
   0.115027E-03   0.262203E+03
   0.117351E-03   0.267314E+03
   0.119722E-03   0.272526E+03
   0.122140E-03   0.277839E+03
   0.124608E-03   0.283255E+03
   0.127125E-03   0.288778E+03
   0.129693E-03   0.294408E+03
   0.132313E-03   0.300148E+03
   0.134986E-03   0.306000E+03
   0.137713E-03   0.311967E+03
   0.140495E-03   0.318049E+03
   0.143333E-03   0.324251E+03
   0.146228E-03   0.330574E+03
   0.149182E-03   0.337020E+03
   0.152196E-03   0.343592E+03
   0.155271E-03   0.350293E+03
   0.158407E-03   0.357124E+03
   0.161607E-03   0.364089E+03
   0.164872E-03   0.371190E+03
   0.168203E-03   0.378429E+03
   0.171601E-03   0.385810E+03
   0.175067E-03   0.393336E+03
   0.178604E-03   0.401008E+03
   0.182212E-03   0.408831E+03
   0.185893E-03   0.416806E+03
   0.189648E-03   0.424937E+03
   0.193479E-03   0.433227E+03
   0.197388E-03   0.441680E+03
   0.201375E-03   0.450297E+03
   0.205443E-03   0.459083E+03
   0.209594E-03   0.468041E+03
   0.213828E-03   0.477175E+03
   0.218147E-03   0.486487E+03
   0.222554E-03   0.495981E+03
   0.227050E-03   0.505661E+03
   0.231637E-03   0.515531E+03
   0.236316E-03   0.525594E+03
   0.241090E-03   0.535854E+03
   0.245960E-03   0.546314E+03
   0.250929E-03   0.556980E+03
   0.255998E-03   0.567855E+03
   0.261170E-03   0.578943E+03
   0.266446E-03   0.590247E+03
   0.271828E-03   0.601774E+03
   0.277319E-03   0.613527E+03
   0.282922E-03   0.625509E+03
   0.288637E-03   0.637727E+03
   0.294468E-03   0.650185E+03
   0.300417E-03   0.662887E+03
   0.306485E-03   0.675838E+03
   0.312677E-03   0.689043E+03
   0.318993E-03   0.702507E+03
   0.325437E-03   0.716235E+03
   0.332012E-03   0.730233E+03
   0.338719E-03   0.744506E+03
   0.345561E-03   0.759058E+03
   0.352542E-03   0.773897E+03
   0.359664E-03   0.789027E+03
   0.366930E-03   0.804454E+03
   0.374342E-03   0.820184E+03
   0.381904E-03   0.836223E+03
   0.389619E-03   0.852577E+03
   0.397490E-03   0.869252E+03
   0.405520E-03   0.886255E+03
   0.413712E-03   0.903592E+03
   0.422070E-03   0.921269E+03
   0.430596E-03   0.939294E+03
   0.439295E-03   0.957672E+03
   0.448169E-03   0.976411E+03
   0.457222E-03   0.995518E+03
   0.466459E-03   0.101500E+04
   0.475882E-03   0.103486E+04
   0.485496E-03   0.105512E+04
   0.495303E-03   0.107577E+04
   0.505309E-03   0.109683E+04
   0.515517E-03   0.111830E+04
   0.525931E-03   0.114018E+04
   0.536556E-03   0.116250E+04
   0.547395E-03   0.118526E+04
   0.558453E-03   0.120846E+04
   0.569734E-03   0.123211E+04
   0.581244E-03   0.125622E+04
   0.592986E-03   0.128081E+04
   0.604965E-03   0.130587E+04
   0.617186E-03   0.133142E+04
   0.629654E-03   0.135747E+04
   0.642374E-03   0.138402E+04
   0.655350E-03   0.141109E+04
   0.668589E-03   0.143868E+04
   0.682096E-03   0.146680E+04
   0.695875E-03   0.149547E+04
   0.709933E-03   0.152468E+04
   0.724274E-03   0.155446E+04
   0.738906E-03   0.158481E+04
   0.753832E-03   0.161574E+04
   0.769061E-03   0.164726E+04
   0.784597E-03   0.167938E+04
   0.800447E-03   0.171210E+04
   0.816617E-03   0.174545E+04
   0.833114E-03   0.177942E+04
   0.849944E-03   0.181403E+04
   0.867114E-03   0.184929E+04
   0.884631E-03   0.188521E+04
   0.902501E-03   0.192179E+04
   0.920733E-03   0.195905E+04
   0.939333E-03   0.199700E+04
   0.958309E-03   0.203564E+04
   0.977668E-03   0.207498E+04
   0.997418E-03   0.211505E+04
   0.101757E-02   0.215583E+04
   0.103812E-02   0.219735E+04
   0.105910E-02   0.223962E+04
   0.108049E-02   0.228263E+04
   0.110232E-02   0.232641E+04
   0.112459E-02   0.237096E+04
   0.114730E-02   0.241629E+04
   0.117048E-02   0.246240E+04
   0.119413E-02   0.250932E+04
   0.121825E-02   0.255705E+04
   0.124286E-02   0.260559E+04
   0.126797E-02   0.265496E+04
   0.129358E-02   0.270516E+04
   0.131971E-02   0.275621E+04
   0.134637E-02   0.280812E+04
   0.137357E-02   0.286089E+04
   0.140132E-02   0.291453E+04
   0.142963E-02   0.296905E+04
   0.145851E-02   0.302447E+04
   0.148797E-02   0.308078E+04
   0.151803E-02   0.313801E+04
   0.154870E-02   0.319616E+04
   0.157998E-02   0.325523E+04
   0.161190E-02   0.331525E+04
   0.164446E-02   0.337621E+04
   0.167768E-02   0.343813E+04
   0.171158E-02   0.350102E+04
   0.174615E-02   0.356488E+04
   0.178143E-02   0.362973E+04
   0.181741E-02   0.369558E+04
   0.185413E-02   0.376242E+04
   0.189158E-02   0.383028E+04
   0.192980E-02   0.389916E+04
   0.196878E-02   0.396906E+04
   0.200855E-02   0.404000E+04
   0.204913E-02   0.411198E+04
   0.209052E-02   0.418500E+04
   0.213276E-02   0.425909E+04
   0.217584E-02   0.433423E+04
   0.221979E-02   0.441044E+04
   0.226464E-02   0.448773E+04
   0.231039E-02   0.456609E+04
   0.235706E-02   0.464554E+04
   0.240467E-02   0.472606E+04
   0.245325E-02   0.480768E+04
   0.250281E-02   0.489040E+04
   0.255337E-02   0.497420E+04
   0.260495E-02   0.505911E+04
   0.265758E-02   0.514511E+04
   0.271126E-02   0.523222E+04
   0.276603E-02   0.532042E+04
   0.282191E-02   0.540972E+04
   0.287892E-02   0.550012E+04
   0.293708E-02   0.559161E+04
   0.299641E-02   0.568420E+04
   0.305694E-02   0.577788E+04
   0.311870E-02   0.587264E+04
   0.318170E-02   0.596848E+04
   0.324597E-02   0.606539E+04
   0.331155E-02   0.616336E+04
   0.337844E-02   0.626239E+04
   0.344669E-02   0.636247E+04
   0.351632E-02   0.646359E+04
   0.358735E-02   0.656573E+04
   0.365982E-02   0.666888E+04
   0.373376E-02   0.677303E+04
   0.380918E-02   0.687816E+04
   0.388613E-02   0.698426E+04
   0.396464E-02   0.709130E+04
   0.404473E-02   0.719928E+04
   0.412644E-02   0.730816E+04
   0.420980E-02   0.741793E+04
   0.429484E-02   0.752857E+04
   0.438160E-02   0.764004E+04
   0.447012E-02   0.775232E+04
   0.456042E-02   0.786539E+04
   0.465255E-02   0.797922E+04
   0.474653E-02   0.809377E+04
   0.484242E-02   0.820900E+04
   0.494024E-02   0.832490E+04
   0.504004E-02   0.844141E+04
   0.514186E-02   0.855850E+04
   0.524573E-02   0.867614E+04
   0.535170E-02   0.879427E+04
   0.545981E-02   0.891285E+04
   0.557011E-02   0.903184E+04
   0.568263E-02   0.915119E+04
   0.579743E-02   0.927084E+04
   0.591455E-02   0.939075E+04
   0.603403E-02   0.951086E+04
   0.615592E-02   0.963111E+04
   0.628028E-02   0.975144E+04
   0.640715E-02   0.987179E+04
   0.653658E-02   0.999210E+04
   0.666863E-02   0.101123E+05
   0.680335E-02   0.102323E+05
   0.694078E-02   0.103521E+05
   0.708100E-02   0.104715E+05
   0.722404E-02   0.105905E+05
   0.736998E-02   0.107091E+05
   0.751886E-02   0.108271E+05
   0.767075E-02   0.109444E+05
   0.782571E-02   0.110610E+05
   0.798380E-02   0.111768E+05
   0.814509E-02   0.112916E+05
   0.830963E-02   0.114054E+05
   0.847750E-02   0.115181E+05
   0.864875E-02   0.116296E+05
   0.882347E-02   0.117397E+05
   0.900171E-02   0.118485E+05
   0.918356E-02   0.119556E+05
   0.936908E-02   0.120611E+05
   0.955835E-02   0.121649E+05
   0.975144E-02   0.122667E+05
   0.994843E-02   0.123666E+05
   0.101494E-01   0.124642E+05
   0.103544E-01   0.125597E+05
   0.105636E-01   0.126527E+05
   0.107770E-01   0.127432E+05
   0.109947E-01   0.128310E+05
   0.112168E-01   0.129160E+05
   0.114434E-01   0.129981E+05
   0.116746E-01   0.130770E+05
   0.119104E-01   0.131528E+05
   0.121510E-01   0.132252E+05
   0.123965E-01   0.132940E+05
   0.126469E-01   0.133592E+05
   0.129024E-01   0.134205E+05
   0.131631E-01   0.134779E+05
   0.134290E-01   0.135312E+05
   0.137003E-01   0.135801E+05
   0.139770E-01   0.136247E+05
   0.142594E-01   0.136646E+05
   0.145474E-01   0.136998E+05
   0.148413E-01   0.137301E+05
   0.151411E-01   0.137554E+05
   0.154470E-01   0.137755E+05
   0.157590E-01   0.137903E+05
   0.160774E-01   0.137997E+05
   0.164022E-01   0.138034E+05
   0.167335E-01   0.138014E+05
   0.170716E-01   0.137936E+05
   0.174164E-01   0.137797E+05
   0.177683E-01   0.137598E+05
   0.181272E-01   0.137337E+05
   0.184934E-01   0.137014E+05
   0.188670E-01   0.136626E+05
   0.192481E-01   0.136174E+05
   0.196370E-01   0.135658E+05
   0.200337E-01   0.135075E+05
   0.204384E-01   0.134427E+05
   0.208513E-01   0.133713E+05
   0.212725E-01   0.132932E+05
   0.217022E-01   0.132086E+05
   0.221406E-01   0.131173E+05
   0.225879E-01   0.130196E+05
   0.230442E-01   0.129154E+05
   0.235097E-01   0.128048E+05
   0.239847E-01   0.126880E+05
   0.244692E-01   0.125651E+05
   0.249635E-01   0.124362E+05
   0.254678E-01   0.123015E+05
   0.259823E-01   0.121613E+05
   0.265072E-01   0.120158E+05
   0.270426E-01   0.118651E+05
   0.275889E-01   0.117097E+05
   0.281463E-01   0.115498E+05
   0.287149E-01   0.113858E+05
   0.292949E-01   0.112179E+05
   0.298867E-01   0.110466E+05
   0.304905E-01   0.108723E+05
   0.311064E-01   0.106954E+05
   0.317348E-01   0.105164E+05
   0.323759E-01   0.103357E+05
   0.330299E-01   0.101537E+05
   0.336972E-01   0.997101E+04
   0.343779E-01   0.978809E+04
   0.350724E-01   0.960542E+04
   0.357809E-01   0.942347E+04
   0.365038E-01   0.924275E+04
   0.372412E-01   0.906379E+04
   0.379935E-01   0.888709E+04
   0.387610E-01   0.871309E+04
   0.395440E-01   0.854222E+04
   0.403429E-01   0.837493E+04
   0.411579E-01   0.821161E+04
   0.419893E-01   0.805265E+04
   0.428375E-01   0.789839E+04
   0.437029E-01   0.774914E+04
   0.445858E-01   0.760509E+04
   0.454865E-01   0.746641E+04
   0.464053E-01   0.733324E+04
   0.473428E-01   0.720573E+04
   0.482992E-01   0.708390E+04
   0.492749E-01   0.696761E+04
   0.502703E-01   0.685668E+04
   0.512858E-01   0.675096E+04
   0.523219E-01   0.665025E+04
   0.533789E-01   0.655411E+04
   0.544572E-01   0.646203E+04
   0.555573E-01   0.637352E+04
   0.566796E-01   0.628807E+04
   0.578246E-01   0.620496E+04
   0.589927E-01   0.612338E+04
   0.601845E-01   0.604260E+04
   0.614003E-01   0.596182E+04
   0.626407E-01   0.588014E+04
   0.639061E-01   0.579668E+04
   0.651971E-01   0.571060E+04
   0.665142E-01   0.562110E+04
   0.678578E-01   0.552743E+04
   0.692287E-01   0.542889E+04
   0.706272E-01   0.532496E+04
   0.720539E-01   0.521524E+04
   0.735095E-01   0.509944E+04
   0.749945E-01   0.497753E+04
   0.765095E-01   0.484977E+04
   0.780551E-01   0.471648E+04
   0.796319E-01   0.457833E+04
   0.812406E-01   0.443625E+04
   0.828817E-01   0.429119E+04
   0.845561E-01   0.414447E+04
   0.862642E-01   0.399742E+04
   0.880068E-01   0.385146E+04
   0.897847E-01   0.370814E+04
   0.915985E-01   0.356888E+04
   0.934489E-01   0.343513E+04
   0.953367E-01   0.330818E+04
   0.972626E-01   0.318910E+04
   0.992274E-01   0.307870E+04
   0.101232E+00   0.297764E+04
   0.103277E+00   0.288625E+04
   0.105363E+00   0.280437E+04
   0.107492E+00   0.273178E+04
   0.109663E+00   0.266769E+04
   0.111879E+00   0.261104E+04
   0.114139E+00   0.256059E+04
   0.116445E+00   0.251463E+04
   0.118797E+00   0.247145E+04
   0.121197E+00   0.242911E+04
   0.123645E+00   0.238567E+04
   0.126143E+00   0.233941E+04
   0.128691E+00   0.228874E+04
   0.131291E+00   0.223257E+04
   0.133943E+00   0.217025E+04
   0.136649E+00   0.210175E+04
   0.139409E+00   0.202765E+04
   0.142226E+00   0.194909E+04
   0.145099E+00   0.186776E+04
   0.148030E+00   0.178564E+04
   0.151020E+00   0.170488E+04
   0.154071E+00   0.162761E+04
   0.157184E+00   0.155569E+04
   0.160359E+00   0.149054E+04
   0.163598E+00   0.143306E+04
   0.166903E+00   0.138353E+04
   0.170275E+00   0.134150E+04
   0.173715E+00   0.130599E+04
   0.177224E+00   0.127540E+04
   0.180804E+00   0.124781E+04
   0.184457E+00   0.122106E+04
   0.188183E+00   0.119313E+04
   0.191985E+00   0.116232E+04
   0.195863E+00   0.112755E+04
   0.199820E+00   0.108852E+04
   0.203856E+00   0.104577E+04
   0.207974E+00   0.100058E+04
   0.212176E+00   0.954700E+03
   0.216462E+00   0.910101E+03
   0.220835E+00   0.868562E+03
   0.225296E+00   0.831385E+03
   0.229847E+00   0.799192E+03
   0.234490E+00   0.771843E+03
   0.239227E+00   0.748477E+03
   0.244060E+00   0.727693E+03
   0.248990E+00   0.707838E+03
   0.254020E+00   0.687358E+03
   0.259152E+00   0.665143E+03
   0.264387E+00   0.640770E+03
   0.269728E+00   0.614585E+03
   0.275177E+00   0.587561E+03
   0.280736E+00   0.560998E+03
   0.286407E+00   0.536135E+03
   0.292193E+00   0.513812E+03
   0.298096E+00   0.494260E+03
   0.304118E+00   0.477079E+03
   0.310261E+00   0.461401E+03
   0.316529E+00   0.446187E+03
   0.322923E+00   0.430575E+03
   0.329447E+00   0.414156E+03
   0.336102E+00   0.397073E+03
   0.342892E+00   0.379909E+03
   0.349819E+00   0.363410E+03
   0.356885E+00   0.348163E+03
   0.364095E+00   0.334379E+03
   0.371450E+00   0.321838E+03
   0.378954E+00   0.310034E+03
   0.386609E+00   0.298428E+03
   0.394419E+00   0.286695E+03
   0.402387E+00   0.274841E+03
   0.410516E+00   0.263153E+03
   0.418809E+00   0.251994E+03
   0.427269E+00   0.241594E+03
   0.435901E+00   0.231941E+03
   0.444706E+00   0.222818E+03
   0.453690E+00   0.213959E+03
   0.462855E+00   0.205210E+03
   0.472206E+00   0.196597E+03
   0.481745E+00   0.188269E+03
   0.491477E+00   0.180363E+03
   0.501405E+00   0.172908E+03
   0.511534E+00   0.165818E+03
   0.521868E+00   0.158972E+03
   0.532411E+00   0.152307E+03
   0.543166E+00   0.145845E+03
   0.554139E+00   0.139647E+03
   0.565333E+00   0.133745E+03
   0.576753E+00   0.128115E+03
   0.588404E+00   0.122705E+03
   0.600291E+00   0.117481E+03
   0.612418E+00   0.112448E+03
   0.624789E+00   0.107623E+03
   0.637411E+00   0.103007E+03
   0.650288E+00   0.985855E+02
   0.663424E+00   0.943456E+02
   0.676826E+00   0.902763E+02
   0.690499E+00   0.863697E+02
   0.704448E+00   0.826214E+02
   0.718679E+00   0.790270E+02
   0.733197E+00   0.755821E+02
   0.748009E+00   0.722810E+02
   0.763119E+00   0.691178E+02
   0.778536E+00   0.660866E+02
   0.794263E+00   0.631821E+02
   0.810308E+00   0.603993E+02
   0.826677E+00   0.577335E+02
   0.843378E+00   0.551800E+02
   0.860415E+00   0.527346E+02
   0.877797E+00   0.503929E+02
   0.895529E+00   0.481508E+02
   0.913620E+00   0.460044E+02
   0.932076E+00   0.439498E+02
   0.950906E+00   0.419832E+02
   0.970115E+00   0.401012E+02
   0.989713E+00   0.383002E+02
   0.100971E+01   0.365768E+02
   0.103010E+01   0.349280E+02
   0.105091E+01   0.333505E+02
   0.107214E+01   0.318415E+02
   0.109380E+01   0.303982E+02
   0.111590E+01   0.290179E+02
   0.113844E+01   0.276981E+02
   0.116144E+01   0.264362E+02
   0.118490E+01   0.252297E+02
   0.120884E+01   0.240764E+02
   0.123326E+01   0.229740E+02
   0.125817E+01   0.219203E+02
   0.128359E+01   0.209134E+02
   0.130952E+01   0.199512E+02
   0.133597E+01   0.190319E+02
   0.136296E+01   0.181536E+02
   0.139049E+01   0.173146E+02
   0.141858E+01   0.165132E+02
   0.144724E+01   0.157478E+02
   0.147648E+01   0.150168E+02
   0.150630E+01   0.143188E+02
   0.153673E+01   0.136522E+02
   0.156778E+01   0.130156E+02
   0.159945E+01   0.124078E+02
   0.163176E+01   0.118274E+02
   0.166472E+01   0.112733E+02
   0.169835E+01   0.107443E+02
   0.173266E+01   0.102392E+02
   0.176766E+01   0.975714E+01
   0.180337E+01   0.929706E+01
   0.183980E+01   0.885810E+01
   0.187697E+01   0.843938E+01
   0.191489E+01   0.804007E+01
   0.195357E+01   0.765936E+01
   0.199304E+01   0.729644E+01
   0.203330E+01   0.695057E+01
   0.207437E+01   0.662100E+01
