#           k/h    P           
   0.100000E-03   0.161998E+03
   0.102020E-03   0.165154E+03
   0.104081E-03   0.168372E+03
   0.106184E-03   0.171653E+03
   0.108329E-03   0.174997E+03
   0.110517E-03   0.178407E+03
   0.112750E-03   0.181883E+03
   0.115027E-03   0.185427E+03
   0.117351E-03   0.189039E+03
   0.119722E-03   0.192723E+03
   0.122140E-03   0.196477E+03
   0.124608E-03   0.200305E+03
   0.127125E-03   0.204208E+03
   0.129693E-03   0.208187E+03
   0.132313E-03   0.212243E+03
   0.134986E-03   0.216378E+03
   0.137713E-03   0.220593E+03
   0.140495E-03   0.224891E+03
   0.143333E-03   0.229273E+03
   0.146228E-03   0.233739E+03
   0.149182E-03   0.238293E+03
   0.152196E-03   0.242936E+03
   0.155271E-03   0.247668E+03
   0.158407E-03   0.252494E+03
   0.161607E-03   0.257413E+03
   0.164872E-03   0.262427E+03
   0.168203E-03   0.267540E+03
   0.171601E-03   0.272752E+03
   0.175067E-03   0.278065E+03
   0.178604E-03   0.283482E+03
   0.182212E-03   0.289005E+03
   0.185893E-03   0.294634E+03
   0.189648E-03   0.300374E+03
   0.193479E-03   0.306225E+03
   0.197388E-03   0.312190E+03
   0.201375E-03   0.318272E+03
   0.205443E-03   0.324471E+03
   0.209594E-03   0.330792E+03
   0.213828E-03   0.337235E+03
   0.218147E-03   0.343804E+03
   0.222554E-03   0.350500E+03
   0.227050E-03   0.357327E+03
   0.231637E-03   0.364287E+03
   0.236316E-03   0.371382E+03
   0.241090E-03   0.378615E+03
   0.245960E-03   0.385989E+03
   0.250929E-03   0.393506E+03
   0.255998E-03   0.401169E+03
   0.261170E-03   0.408982E+03
   0.266446E-03   0.416947E+03
   0.271828E-03   0.425066E+03
   0.277319E-03   0.433343E+03
   0.282922E-03   0.441781E+03
   0.288637E-03   0.450383E+03
   0.294468E-03   0.459153E+03
   0.300417E-03   0.468092E+03
   0.306485E-03   0.477206E+03
   0.312677E-03   0.486496E+03
   0.318993E-03   0.495967E+03
   0.325437E-03   0.505622E+03
   0.332012E-03   0.515464E+03
   0.338719E-03   0.525498E+03
   0.345561E-03   0.535726E+03
   0.352542E-03   0.546152E+03
   0.359664E-03   0.556781E+03
   0.366930E-03   0.567616E+03
   0.374342E-03   0.578661E+03
   0.381904E-03   0.589920E+03
   0.389619E-03   0.601398E+03
   0.397490E-03   0.613097E+03
   0.405520E-03   0.625024E+03
   0.413712E-03   0.637181E+03
   0.422070E-03   0.649574E+03
   0.430596E-03   0.662206E+03
   0.439295E-03   0.675082E+03
   0.448169E-03   0.688208E+03
   0.457222E-03   0.701587E+03
   0.466459E-03   0.715224E+03
   0.475882E-03   0.729125E+03
   0.485496E-03   0.743293E+03
   0.495303E-03   0.757735E+03
   0.505309E-03   0.772455E+03
   0.515517E-03   0.787458E+03
   0.525931E-03   0.802750E+03
   0.536556E-03   0.818336E+03
   0.547395E-03   0.834222E+03
   0.558453E-03   0.850412E+03
   0.569734E-03   0.866912E+03
   0.581244E-03   0.883729E+03
   0.592986E-03   0.900868E+03
   0.604965E-03   0.918334E+03
   0.617186E-03   0.936133E+03
   0.629654E-03   0.954273E+03
   0.642374E-03   0.972757E+03
   0.655350E-03   0.991593E+03
   0.668589E-03   0.101079E+04
   0.682096E-03   0.103035E+04
   0.695875E-03   0.105027E+04
   0.709933E-03   0.107058E+04
   0.724274E-03   0.109127E+04
   0.738906E-03   0.111234E+04
   0.753832E-03   0.113382E+04
   0.769061E-03   0.115570E+04
   0.784597E-03   0.117798E+04
   0.800447E-03   0.120069E+04
   0.816617E-03   0.122381E+04
   0.833114E-03   0.124737E+04
   0.849944E-03   0.127136E+04
   0.867114E-03   0.129580E+04
   0.884631E-03   0.132068E+04
   0.902501E-03   0.134603E+04
   0.920733E-03   0.137183E+04
   0.939333E-03   0.139811E+04
   0.958309E-03   0.142487E+04
   0.977668E-03   0.145212E+04
   0.997418E-03   0.147985E+04
   0.101757E-02   0.150809E+04
   0.103812E-02   0.153683E+04
   0.105910E-02   0.156608E+04
   0.108049E-02   0.159586E+04
   0.110232E-02   0.162616E+04
   0.112459E-02   0.165700E+04
   0.114730E-02   0.168838E+04
   0.117048E-02   0.172030E+04
   0.119413E-02   0.175278E+04
   0.121825E-02   0.178583E+04
   0.124286E-02   0.181944E+04
   0.126797E-02   0.185363E+04
   0.129358E-02   0.188840E+04
   0.131971E-02   0.192375E+04
   0.134637E-02   0.195971E+04
   0.137357E-02   0.199627E+04
   0.140132E-02   0.203344E+04
   0.142963E-02   0.207122E+04
   0.145851E-02   0.210963E+04
   0.148797E-02   0.214866E+04
   0.151803E-02   0.218833E+04
   0.154870E-02   0.222865E+04
   0.157998E-02   0.226961E+04
   0.161190E-02   0.231123E+04
   0.164446E-02   0.235351E+04
   0.167768E-02   0.239646E+04
   0.171158E-02   0.244008E+04
   0.174615E-02   0.248439E+04
   0.178143E-02   0.252938E+04
   0.181741E-02   0.257506E+04
   0.185413E-02   0.262145E+04
   0.189158E-02   0.266853E+04
   0.192980E-02   0.271633E+04
   0.196878E-02   0.276485E+04
   0.200855E-02   0.281408E+04
   0.204913E-02   0.286405E+04
   0.209052E-02   0.291474E+04
   0.213276E-02   0.296617E+04
   0.217584E-02   0.301834E+04
   0.221979E-02   0.307125E+04
   0.226464E-02   0.312491E+04
   0.231039E-02   0.317932E+04
   0.235706E-02   0.323449E+04
   0.240467E-02   0.329041E+04
   0.245325E-02   0.334709E+04
   0.250281E-02   0.340454E+04
   0.255337E-02   0.346275E+04
   0.260495E-02   0.352172E+04
   0.265758E-02   0.358146E+04
   0.271126E-02   0.364196E+04
   0.276603E-02   0.370323E+04
   0.282191E-02   0.376527E+04
   0.287892E-02   0.382807E+04
   0.293708E-02   0.389164E+04
   0.299641E-02   0.395596E+04
   0.305694E-02   0.402105E+04
   0.311870E-02   0.408689E+04
   0.318170E-02   0.415348E+04
   0.324597E-02   0.422082E+04
   0.331155E-02   0.428890E+04
   0.337844E-02   0.435771E+04
   0.344669E-02   0.442726E+04
   0.351632E-02   0.449753E+04
   0.358735E-02   0.456851E+04
   0.365982E-02   0.464019E+04
   0.373376E-02   0.471257E+04
   0.380918E-02   0.478564E+04
   0.388613E-02   0.485938E+04
   0.396464E-02   0.493378E+04
   0.404473E-02   0.500882E+04
   0.412644E-02   0.508450E+04
   0.420980E-02   0.516080E+04
   0.429484E-02   0.523770E+04
   0.438160E-02   0.531518E+04
   0.447012E-02   0.539323E+04
   0.456042E-02   0.547182E+04
   0.465255E-02   0.555095E+04
   0.474653E-02   0.563057E+04
   0.484242E-02   0.571068E+04
   0.494024E-02   0.579124E+04
   0.504004E-02   0.587223E+04
   0.514186E-02   0.595363E+04
   0.524573E-02   0.603541E+04
   0.535170E-02   0.611753E+04
   0.545981E-02   0.619996E+04
   0.557011E-02   0.628269E+04
   0.568263E-02   0.636566E+04
   0.579743E-02   0.644884E+04
   0.591455E-02   0.653220E+04
   0.603403E-02   0.661570E+04
   0.615592E-02   0.669931E+04
   0.628028E-02   0.678296E+04
   0.640715E-02   0.686664E+04
   0.653658E-02   0.695028E+04
   0.666863E-02   0.703385E+04
   0.680335E-02   0.711729E+04
   0.694078E-02   0.720056E+04
   0.708100E-02   0.728360E+04
   0.722404E-02   0.736636E+04
   0.736998E-02   0.744878E+04
   0.751886E-02   0.753081E+04
   0.767075E-02   0.761239E+04
   0.782571E-02   0.769346E+04
   0.798380E-02   0.777394E+04
   0.814509E-02   0.785379E+04
   0.830963E-02   0.793292E+04
   0.847750E-02   0.801128E+04
   0.864875E-02   0.808878E+04
   0.882347E-02   0.816537E+04
   0.900171E-02   0.824096E+04
   0.918356E-02   0.831548E+04
   0.936908E-02   0.838884E+04
   0.955835E-02   0.846097E+04
   0.975144E-02   0.853178E+04
   0.994843E-02   0.860119E+04
   0.101494E-01   0.866912E+04
   0.103544E-01   0.873546E+04
   0.105636E-01   0.880014E+04
   0.107770E-01   0.886305E+04
   0.109947E-01   0.892411E+04
   0.112168E-01   0.898322E+04
   0.114434E-01   0.904029E+04
   0.116746E-01   0.909520E+04
   0.119104E-01   0.914787E+04
   0.121510E-01   0.919819E+04
   0.123965E-01   0.924606E+04
   0.126469E-01   0.929138E+04
   0.129024E-01   0.933403E+04
   0.131631E-01   0.937392E+04
   0.134290E-01   0.941094E+04
   0.137003E-01   0.944498E+04
   0.139770E-01   0.947594E+04
   0.142594E-01   0.950371E+04
   0.145474E-01   0.952819E+04
   0.148413E-01   0.954927E+04
   0.151411E-01   0.956686E+04
   0.154470E-01   0.958083E+04
   0.157590E-01   0.959111E+04
   0.160774E-01   0.959759E+04
   0.164022E-01   0.960018E+04
   0.167335E-01   0.959878E+04
   0.170716E-01   0.959331E+04
   0.174164E-01   0.958369E+04
   0.177683E-01   0.956984E+04
   0.181272E-01   0.955169E+04
   0.184934E-01   0.952917E+04
   0.188670E-01   0.950222E+04
   0.192481E-01   0.947079E+04
   0.196370E-01   0.943484E+04
   0.200337E-01   0.939433E+04
   0.204384E-01   0.934924E+04
   0.208513E-01   0.929955E+04
   0.212725E-01   0.924527E+04
   0.217022E-01   0.918639E+04
   0.221406E-01   0.912293E+04
   0.225879E-01   0.905495E+04
   0.230442E-01   0.898248E+04
   0.235097E-01   0.890558E+04
   0.239847E-01   0.882433E+04
   0.244692E-01   0.873883E+04
   0.249635E-01   0.864918E+04
   0.254678E-01   0.855554E+04
   0.259823E-01   0.845802E+04
   0.265072E-01   0.835678E+04
   0.270426E-01   0.825200E+04
   0.275889E-01   0.814390E+04
   0.281463E-01   0.803270E+04
   0.287149E-01   0.791861E+04
   0.292949E-01   0.780185E+04
   0.298867E-01   0.768272E+04
   0.304905E-01   0.756150E+04
   0.311064E-01   0.743850E+04
   0.317348E-01   0.731400E+04
   0.323759E-01   0.718829E+04
   0.330299E-01   0.706172E+04
   0.336972E-01   0.693465E+04
   0.343779E-01   0.680744E+04
   0.350724E-01   0.668040E+04
   0.357809E-01   0.655385E+04
   0.365038E-01   0.642816E+04
   0.372412E-01   0.630369E+04
   0.379935E-01   0.618080E+04
   0.387610E-01   0.605979E+04
   0.395440E-01   0.594095E+04
   0.403429E-01   0.582460E+04
   0.411579E-01   0.571101E+04
   0.419893E-01   0.560046E+04
   0.428375E-01   0.549318E+04
   0.437029E-01   0.538937E+04
   0.445858E-01   0.528919E+04
   0.454865E-01   0.519274E+04
   0.464053E-01   0.510012E+04
   0.473428E-01   0.501144E+04
   0.482992E-01   0.492671E+04
   0.492749E-01   0.484583E+04
   0.502703E-01   0.476868E+04
   0.512858E-01   0.469515E+04
   0.523219E-01   0.462511E+04
   0.533789E-01   0.455825E+04
   0.544572E-01   0.449421E+04
   0.555573E-01   0.443265E+04
   0.566796E-01   0.437322E+04
   0.578246E-01   0.431542E+04
   0.589927E-01   0.425869E+04
   0.601845E-01   0.420250E+04
   0.614003E-01   0.414632E+04
   0.626407E-01   0.408952E+04
   0.639061E-01   0.403147E+04
   0.651971E-01   0.397160E+04
   0.665142E-01   0.390936E+04
   0.678578E-01   0.384421E+04
   0.692287E-01   0.377568E+04
   0.706272E-01   0.370339E+04
   0.720539E-01   0.362709E+04
   0.735095E-01   0.354655E+04
   0.749945E-01   0.346177E+04
   0.765095E-01   0.337291E+04
   0.780551E-01   0.328021E+04
   0.796319E-01   0.318413E+04
   0.812406E-01   0.308532E+04
   0.828817E-01   0.298443E+04
   0.845561E-01   0.288239E+04
   0.862642E-01   0.278012E+04
   0.880068E-01   0.267861E+04
   0.897847E-01   0.257893E+04
   0.915985E-01   0.248208E+04
   0.934489E-01   0.238906E+04
   0.953367E-01   0.230076E+04
   0.972626E-01   0.221795E+04
   0.992274E-01   0.214117E+04
   0.101232E+00   0.207089E+04
   0.103277E+00   0.200733E+04
   0.105363E+00   0.195038E+04
   0.107492E+00   0.189989E+04
   0.109663E+00   0.185532E+04
   0.111879E+00   0.181592E+04
   0.114139E+00   0.178083E+04
   0.116445E+00   0.174887E+04
   0.118797E+00   0.171884E+04
   0.121197E+00   0.168939E+04
   0.123645E+00   0.165918E+04
   0.126143E+00   0.162701E+04
   0.128691E+00   0.159177E+04
   0.131291E+00   0.155270E+04
   0.133943E+00   0.150936E+04
   0.136649E+00   0.146172E+04
   0.139409E+00   0.141018E+04
   0.142226E+00   0.135555E+04
   0.145099E+00   0.129898E+04
   0.148030E+00   0.124187E+04
   0.151020E+00   0.118571E+04
   0.154071E+00   0.113197E+04
   0.157184E+00   0.108195E+04
   0.160359E+00   0.103664E+04
   0.163598E+00   0.996665E+03
   0.166903E+00   0.962213E+03
   0.170275E+00   0.932982E+03
   0.173715E+00   0.908288E+03
   0.177224E+00   0.887016E+03
   0.180804E+00   0.867821E+03
   0.184457E+00   0.849224E+03
   0.188183E+00   0.829796E+03
   0.191985E+00   0.808371E+03
   0.195863E+00   0.784188E+03
   0.199820E+00   0.757042E+03
   0.203856E+00   0.727312E+03
   0.207974E+00   0.695879E+03
   0.212176E+00   0.663973E+03
   0.216462E+00   0.632955E+03
   0.220835E+00   0.604066E+03
   0.225296E+00   0.578210E+03
   0.229847E+00   0.555821E+03
   0.234490E+00   0.536800E+03
   0.239227E+00   0.520549E+03
   0.244060E+00   0.506095E+03
   0.248990E+00   0.492286E+03
   0.254020E+00   0.478043E+03
   0.259152E+00   0.462592E+03
   0.264387E+00   0.445642E+03
   0.269728E+00   0.427430E+03
   0.275177E+00   0.408636E+03
   0.280736E+00   0.390162E+03
   0.286407E+00   0.372870E+03
   0.292193E+00   0.357345E+03
   0.298096E+00   0.343747E+03
   0.304118E+00   0.331798E+03
   0.310261E+00   0.320894E+03
   0.316529E+00   0.310313E+03
   0.322923E+00   0.299456E+03
   0.329447E+00   0.288037E+03
   0.336102E+00   0.276156E+03
   0.342892E+00   0.264218E+03
   0.349819E+00   0.252743E+03
   0.356885E+00   0.242140E+03
   0.364095E+00   0.232553E+03
   0.371450E+00   0.223831E+03
   0.378954E+00   0.215622E+03
   0.386609E+00   0.207550E+03
   0.394419E+00   0.199390E+03
   0.402387E+00   0.191146E+03
   0.410516E+00   0.183017E+03
   0.418809E+00   0.175256E+03
   0.427269E+00   0.168024E+03
   0.435901E+00   0.161310E+03
   0.444706E+00   0.154965E+03
   0.453690E+00   0.148803E+03
   0.462855E+00   0.142719E+03
   0.472206E+00   0.136729E+03
   0.481745E+00   0.130937E+03
   0.491477E+00   0.125439E+03
   0.501405E+00   0.120254E+03
   0.511534E+00   0.115323E+03
   0.521868E+00   0.110562E+03
   0.532411E+00   0.105927E+03
   0.543166E+00   0.101432E+03
   0.554139E+00   0.971212E+02
   0.565333E+00   0.930166E+02
   0.576753E+00   0.891015E+02
   0.588404E+00   0.853390E+02
   0.600291E+00   0.817058E+02
   0.612418E+00   0.782048E+02
   0.624789E+00   0.748497E+02
   0.637411E+00   0.716393E+02
   0.650288E+00   0.685641E+02
   0.663424E+00   0.656153E+02
   0.676826E+00   0.627852E+02
   0.690499E+00   0.600682E+02
   0.704448E+00   0.574614E+02
   0.718679E+00   0.549615E+02
   0.733197E+00   0.525657E+02
   0.748009E+00   0.502699E+02
   0.763119E+00   0.480699E+02
   0.778536E+00   0.459618E+02
   0.794263E+00   0.439418E+02
   0.810308E+00   0.420064E+02
   0.826677E+00   0.401524E+02
   0.843378E+00   0.383765E+02
   0.860415E+00   0.366757E+02
   0.877797E+00   0.350471E+02
   0.895529E+00   0.334878E+02
   0.913620E+00   0.319950E+02
   0.932076E+00   0.305661E+02
   0.950906E+00   0.291984E+02
   0.970115E+00   0.278895E+02
   0.989713E+00   0.266369E+02
   0.100971E+01   0.254384E+02
   0.103010E+01   0.242916E+02
   0.105091E+01   0.231945E+02
   0.107214E+01   0.221450E+02
   0.109380E+01   0.211413E+02
   0.111590E+01   0.201813E+02
   0.113844E+01   0.192634E+02
   0.116144E+01   0.183858E+02
   0.118490E+01   0.175467E+02
   0.120884E+01   0.167446E+02
   0.123326E+01   0.159779E+02
   0.125817E+01   0.152451E+02
   0.128359E+01   0.145448E+02
   0.130952E+01   0.138756E+02
   0.133597E+01   0.132362E+02
   0.136296E+01   0.126254E+02
   0.139049E+01   0.120419E+02
   0.141858E+01   0.114846E+02
   0.144724E+01   0.109523E+02
   0.147648E+01   0.104439E+02
   0.150630E+01   0.995839E+01
   0.153673E+01   0.949478E+01
   0.156778E+01   0.905206E+01
   0.159945E+01   0.862933E+01
   0.163176E+01   0.822570E+01
   0.166472E+01   0.784033E+01
   0.169835E+01   0.747241E+01
   0.173266E+01   0.712116E+01
   0.176766E+01   0.678588E+01
   0.180337E+01   0.646590E+01
   0.183980E+01   0.616061E+01
   0.187697E+01   0.586940E+01
   0.191489E+01   0.559169E+01
   0.195357E+01   0.532691E+01
   0.199304E+01   0.507452E+01
   0.203330E+01   0.483397E+01
   0.207437E+01   0.460476E+01
