#           k/h    P           
   0.100000E-03   0.390768E+03
   0.102020E-03   0.398402E+03
   0.104081E-03   0.406185E+03
   0.106184E-03   0.414122E+03
   0.108329E-03   0.422214E+03
   0.110517E-03   0.430465E+03
   0.112750E-03   0.438879E+03
   0.115027E-03   0.447458E+03
   0.117351E-03   0.456206E+03
   0.119722E-03   0.465126E+03
   0.122140E-03   0.474222E+03
   0.124608E-03   0.483497E+03
   0.127125E-03   0.492955E+03
   0.129693E-03   0.502599E+03
   0.132313E-03   0.512434E+03
   0.134986E-03   0.522462E+03
   0.137713E-03   0.532689E+03
   0.140495E-03   0.543118E+03
   0.143333E-03   0.553752E+03
   0.146228E-03   0.564597E+03
   0.149182E-03   0.575657E+03
   0.152196E-03   0.586936E+03
   0.155271E-03   0.598438E+03
   0.158407E-03   0.610168E+03
   0.161607E-03   0.622130E+03
   0.164872E-03   0.634330E+03
   0.168203E-03   0.646773E+03
   0.171601E-03   0.659462E+03
   0.175067E-03   0.672404E+03
   0.178604E-03   0.685604E+03
   0.182212E-03   0.699066E+03
   0.185893E-03   0.712797E+03
   0.189648E-03   0.726802E+03
   0.193479E-03   0.741086E+03
   0.197388E-03   0.755656E+03
   0.201375E-03   0.770517E+03
   0.205443E-03   0.785676E+03
   0.209594E-03   0.801138E+03
   0.213828E-03   0.816910E+03
   0.218147E-03   0.832999E+03
   0.222554E-03   0.849411E+03
   0.227050E-03   0.866154E+03
   0.231637E-03   0.883233E+03
   0.236316E-03   0.900657E+03
   0.241090E-03   0.918432E+03
   0.245960E-03   0.936567E+03
   0.250929E-03   0.955068E+03
   0.255998E-03   0.973943E+03
   0.261170E-03   0.993201E+03
   0.266446E-03   0.101285E+04
   0.271828E-03   0.103290E+04
   0.277319E-03   0.105335E+04
   0.282922E-03   0.107423E+04
   0.288637E-03   0.109552E+04
   0.294468E-03   0.111726E+04
   0.300417E-03   0.113943E+04
   0.306485E-03   0.116207E+04
   0.312677E-03   0.118516E+04
   0.318993E-03   0.120873E+04
   0.325437E-03   0.123278E+04
   0.332012E-03   0.125733E+04
   0.338719E-03   0.128238E+04
   0.345561E-03   0.130795E+04
   0.352542E-03   0.133405E+04
   0.359664E-03   0.136069E+04
   0.366930E-03   0.138788E+04
   0.374342E-03   0.141563E+04
   0.381904E-03   0.144396E+04
   0.389619E-03   0.147287E+04
   0.397490E-03   0.150239E+04
   0.405520E-03   0.153252E+04
   0.413712E-03   0.156328E+04
   0.422070E-03   0.159468E+04
   0.430596E-03   0.162673E+04
   0.439295E-03   0.165946E+04
   0.448169E-03   0.169286E+04
   0.457222E-03   0.172697E+04
   0.466459E-03   0.176179E+04
   0.475882E-03   0.179733E+04
   0.485496E-03   0.183362E+04
   0.495303E-03   0.187067E+04
   0.505309E-03   0.190849E+04
   0.515517E-03   0.194710E+04
   0.525931E-03   0.198652E+04
   0.536556E-03   0.202676E+04
   0.547395E-03   0.206784E+04
   0.558453E-03   0.210978E+04
   0.569734E-03   0.215259E+04
   0.581244E-03   0.219629E+04
   0.592986E-03   0.224089E+04
   0.604965E-03   0.228642E+04
   0.617186E-03   0.233289E+04
   0.629654E-03   0.238031E+04
   0.642374E-03   0.242871E+04
   0.655350E-03   0.247810E+04
   0.668589E-03   0.252850E+04
   0.682096E-03   0.257993E+04
   0.695875E-03   0.263240E+04
   0.709933E-03   0.268592E+04
   0.724274E-03   0.274052E+04
   0.738906E-03   0.279622E+04
   0.753832E-03   0.285302E+04
   0.769061E-03   0.291094E+04
   0.784597E-03   0.297001E+04
   0.800447E-03   0.303023E+04
   0.816617E-03   0.309161E+04
   0.833114E-03   0.315419E+04
   0.849944E-03   0.321796E+04
   0.867114E-03   0.328295E+04
   0.884631E-03   0.334916E+04
   0.902501E-03   0.341662E+04
   0.920733E-03   0.348534E+04
   0.939333E-03   0.355532E+04
   0.958309E-03   0.362659E+04
   0.977668E-03   0.369915E+04
   0.997418E-03   0.377302E+04
   0.101757E-02   0.384822E+04
   0.103812E-02   0.392475E+04
   0.105910E-02   0.400263E+04
   0.108049E-02   0.408187E+04
   0.110232E-02   0.416248E+04
   0.112459E-02   0.424449E+04
   0.114730E-02   0.432790E+04
   0.117048E-02   0.441272E+04
   0.119413E-02   0.449898E+04
   0.121825E-02   0.458669E+04
   0.124286E-02   0.467585E+04
   0.126797E-02   0.476649E+04
   0.129358E-02   0.485863E+04
   0.131971E-02   0.495228E+04
   0.134637E-02   0.504745E+04
   0.137357E-02   0.514417E+04
   0.140132E-02   0.524245E+04
   0.142963E-02   0.534231E+04
   0.145851E-02   0.544377E+04
   0.148797E-02   0.554684E+04
   0.151803E-02   0.565154E+04
   0.154870E-02   0.575790E+04
   0.157998E-02   0.586593E+04
   0.161190E-02   0.597564E+04
   0.164446E-02   0.608705E+04
   0.167768E-02   0.620019E+04
   0.171158E-02   0.631507E+04
   0.174615E-02   0.643170E+04
   0.178143E-02   0.655010E+04
   0.181741E-02   0.667029E+04
   0.185413E-02   0.679228E+04
   0.189158E-02   0.691608E+04
   0.192980E-02   0.704172E+04
   0.196878E-02   0.716920E+04
   0.200855E-02   0.729855E+04
   0.204913E-02   0.742976E+04
   0.209052E-02   0.756286E+04
   0.213276E-02   0.769786E+04
   0.217584E-02   0.783477E+04
   0.221979E-02   0.797360E+04
   0.226464E-02   0.811436E+04
   0.231039E-02   0.825706E+04
   0.235706E-02   0.840171E+04
   0.240467E-02   0.854831E+04
   0.245325E-02   0.869688E+04
   0.250281E-02   0.884742E+04
   0.255337E-02   0.899993E+04
   0.260495E-02   0.915442E+04
   0.265758E-02   0.931089E+04
   0.271126E-02   0.946934E+04
   0.276603E-02   0.962978E+04
   0.282191E-02   0.979219E+04
   0.287892E-02   0.995659E+04
   0.293708E-02   0.101230E+05
   0.299641E-02   0.102913E+05
   0.305694E-02   0.104616E+05
   0.311870E-02   0.106339E+05
   0.318170E-02   0.108081E+05
   0.324597E-02   0.109842E+05
   0.331155E-02   0.111623E+05
   0.337844E-02   0.113423E+05
   0.344669E-02   0.115241E+05
   0.351632E-02   0.117079E+05
   0.358735E-02   0.118935E+05
   0.365982E-02   0.120809E+05
   0.373376E-02   0.122701E+05
   0.380918E-02   0.124611E+05
   0.388613E-02   0.126538E+05
   0.396464E-02   0.128482E+05
   0.404473E-02   0.130444E+05
   0.412644E-02   0.132421E+05
   0.420980E-02   0.134415E+05
   0.429484E-02   0.136424E+05
   0.438160E-02   0.138448E+05
   0.447012E-02   0.140487E+05
   0.456042E-02   0.142541E+05
   0.465255E-02   0.144608E+05
   0.474653E-02   0.146687E+05
   0.484242E-02   0.148780E+05
   0.494024E-02   0.150884E+05
   0.504004E-02   0.152999E+05
   0.514186E-02   0.155125E+05
   0.524573E-02   0.157261E+05
   0.535170E-02   0.159405E+05
   0.545981E-02   0.161558E+05
   0.557011E-02   0.163718E+05
   0.568263E-02   0.165884E+05
   0.579743E-02   0.168056E+05
   0.591455E-02   0.170233E+05
   0.603403E-02   0.172413E+05
   0.615592E-02   0.174596E+05
   0.628028E-02   0.176780E+05
   0.640715E-02   0.178964E+05
   0.653658E-02   0.181148E+05
   0.666863E-02   0.183329E+05
   0.680335E-02   0.185508E+05
   0.694078E-02   0.187681E+05
   0.708100E-02   0.189849E+05
   0.722404E-02   0.192009E+05
   0.736998E-02   0.194160E+05
   0.751886E-02   0.196302E+05
   0.767075E-02   0.198431E+05
   0.782571E-02   0.200547E+05
   0.798380E-02   0.202647E+05
   0.814509E-02   0.204731E+05
   0.830963E-02   0.206797E+05
   0.847750E-02   0.208842E+05
   0.864875E-02   0.210865E+05
   0.882347E-02   0.212863E+05
   0.900171E-02   0.214836E+05
   0.918356E-02   0.216781E+05
   0.936908E-02   0.218696E+05
   0.955835E-02   0.220578E+05
   0.975144E-02   0.222426E+05
   0.994843E-02   0.224238E+05
   0.101494E-01   0.226010E+05
   0.103544E-01   0.227742E+05
   0.105636E-01   0.229430E+05
   0.107770E-01   0.231072E+05
   0.109947E-01   0.232665E+05
   0.112168E-01   0.234208E+05
   0.114434E-01   0.235697E+05
   0.116746E-01   0.237130E+05
   0.119104E-01   0.238505E+05
   0.121510E-01   0.239818E+05
   0.123965E-01   0.241067E+05
   0.126469E-01   0.242250E+05
   0.129024E-01   0.243363E+05
   0.131631E-01   0.244405E+05
   0.134290E-01   0.245371E+05
   0.137003E-01   0.246260E+05
   0.139770E-01   0.247068E+05
   0.142594E-01   0.247793E+05
   0.145474E-01   0.248432E+05
   0.148413E-01   0.248983E+05
   0.151411E-01   0.249442E+05
   0.154470E-01   0.249808E+05
   0.157590E-01   0.250076E+05
   0.160774E-01   0.250246E+05
   0.164022E-01   0.250314E+05
   0.167335E-01   0.250279E+05
   0.170716E-01   0.250137E+05
   0.174164E-01   0.249887E+05
   0.177683E-01   0.249526E+05
   0.181272E-01   0.249054E+05
   0.184934E-01   0.248467E+05
   0.188670E-01   0.247765E+05
   0.192481E-01   0.246946E+05
   0.196370E-01   0.246009E+05
   0.200337E-01   0.244953E+05
   0.204384E-01   0.243778E+05
   0.208513E-01   0.242483E+05
   0.212725E-01   0.241068E+05
   0.217022E-01   0.239533E+05
   0.221406E-01   0.237879E+05
   0.225879E-01   0.236107E+05
   0.230442E-01   0.234217E+05
   0.235097E-01   0.232213E+05
   0.239847E-01   0.230094E+05
   0.244692E-01   0.227865E+05
   0.249635E-01   0.225528E+05
   0.254678E-01   0.223086E+05
   0.259823E-01   0.220544E+05
   0.265072E-01   0.217904E+05
   0.270426E-01   0.215172E+05
   0.275889E-01   0.212354E+05
   0.281463E-01   0.209455E+05
   0.287149E-01   0.206480E+05
   0.292949E-01   0.203436E+05
   0.298867E-01   0.200329E+05
   0.304905E-01   0.197169E+05
   0.311064E-01   0.193962E+05
   0.317348E-01   0.190715E+05
   0.323759E-01   0.187438E+05
   0.330299E-01   0.184137E+05
   0.336972E-01   0.180824E+05
   0.343779E-01   0.177507E+05
   0.350724E-01   0.174195E+05
   0.357809E-01   0.170895E+05
   0.365038E-01   0.167618E+05
   0.372412E-01   0.164372E+05
   0.379935E-01   0.161168E+05
   0.387610E-01   0.158012E+05
   0.395440E-01   0.154914E+05
   0.403429E-01   0.151880E+05
   0.411579E-01   0.148918E+05
   0.419893E-01   0.146035E+05
   0.428375E-01   0.143238E+05
   0.437029E-01   0.140531E+05
   0.445858E-01   0.137919E+05
   0.454865E-01   0.135404E+05
   0.464053E-01   0.132989E+05
   0.473428E-01   0.130677E+05
   0.482992E-01   0.128467E+05
   0.492749E-01   0.126358E+05
   0.502703E-01   0.124347E+05
   0.512858E-01   0.122430E+05
   0.523219E-01   0.120603E+05
   0.533789E-01   0.118860E+05
   0.544572E-01   0.117190E+05
   0.555573E-01   0.115585E+05
   0.566796E-01   0.114035E+05
   0.578246E-01   0.112528E+05
   0.589927E-01   0.111048E+05
   0.601845E-01   0.109583E+05
   0.614003E-01   0.108118E+05
   0.626407E-01   0.106637E+05
   0.639061E-01   0.105124E+05
   0.651971E-01   0.103563E+05
   0.665142E-01   0.101940E+05
   0.678578E-01   0.100241E+05
   0.692287E-01   0.984539E+04
   0.706272E-01   0.965690E+04
   0.720539E-01   0.945793E+04
   0.735095E-01   0.924793E+04
   0.749945E-01   0.902684E+04
   0.765095E-01   0.879514E+04
   0.780551E-01   0.855342E+04
   0.796319E-01   0.830289E+04
   0.812406E-01   0.804522E+04
   0.828817E-01   0.778216E+04
   0.845561E-01   0.751607E+04
   0.862642E-01   0.724940E+04
   0.880068E-01   0.698470E+04
   0.897847E-01   0.672479E+04
   0.915985E-01   0.647224E+04
   0.934489E-01   0.622967E+04
   0.953367E-01   0.599944E+04
   0.972626E-01   0.578349E+04
   0.992274E-01   0.558329E+04
   0.101232E+00   0.540002E+04
   0.103277E+00   0.523428E+04
   0.105363E+00   0.508579E+04
   0.107492E+00   0.495413E+04
   0.109663E+00   0.483791E+04
   0.111879E+00   0.473517E+04
   0.114139E+00   0.464368E+04
   0.116445E+00   0.456034E+04
   0.118797E+00   0.448203E+04
   0.121197E+00   0.440523E+04
   0.123645E+00   0.432647E+04
   0.126143E+00   0.424256E+04
   0.128691E+00   0.415068E+04
   0.131291E+00   0.404881E+04
   0.133943E+00   0.393580E+04
   0.136649E+00   0.381157E+04
   0.139409E+00   0.367718E+04
   0.142226E+00   0.353472E+04
   0.145099E+00   0.338722E+04
   0.148030E+00   0.323829E+04
   0.151020E+00   0.309184E+04
   0.154071E+00   0.295171E+04
   0.157184E+00   0.282127E+04
   0.160359E+00   0.270312E+04
   0.163598E+00   0.259889E+04
   0.166903E+00   0.250906E+04
   0.170275E+00   0.243284E+04
   0.173715E+00   0.236844E+04
   0.177224E+00   0.231297E+04
   0.180804E+00   0.226292E+04
   0.184457E+00   0.221443E+04
   0.188183E+00   0.216377E+04
   0.191985E+00   0.210790E+04
   0.195863E+00   0.204484E+04
   0.199820E+00   0.197405E+04
   0.203856E+00   0.189653E+04
   0.207974E+00   0.181457E+04
   0.212176E+00   0.173137E+04
   0.216462E+00   0.165049E+04
   0.220835E+00   0.157516E+04
   0.225296E+00   0.150773E+04
   0.229847E+00   0.144935E+04
   0.234490E+00   0.139975E+04
   0.239227E+00   0.135738E+04
   0.244060E+00   0.131969E+04
   0.248990E+00   0.128368E+04
   0.254020E+00   0.124654E+04
   0.259152E+00   0.120625E+04
   0.264387E+00   0.116205E+04
   0.269728E+00   0.111456E+04
   0.275177E+00   0.106555E+04
   0.280736E+00   0.101738E+04
   0.286407E+00   0.972293E+03
   0.292193E+00   0.931810E+03
   0.298096E+00   0.896352E+03
   0.304118E+00   0.865193E+03
   0.310261E+00   0.836761E+03
   0.316529E+00   0.809170E+03
   0.322923E+00   0.780858E+03
   0.329447E+00   0.751082E+03
   0.336102E+00   0.720101E+03
   0.342892E+00   0.688974E+03
   0.349819E+00   0.659051E+03
   0.356885E+00   0.631402E+03
   0.364095E+00   0.606404E+03
   0.371450E+00   0.583661E+03
   0.378954E+00   0.562254E+03
   0.386609E+00   0.541207E+03
   0.394419E+00   0.519927E+03
   0.402387E+00   0.498431E+03
   0.410516E+00   0.477234E+03
   0.418809E+00   0.456997E+03
   0.427269E+00   0.438137E+03
   0.435901E+00   0.420631E+03
   0.444706E+00   0.404085E+03
   0.453690E+00   0.388019E+03
   0.462855E+00   0.372152E+03
   0.472206E+00   0.356534E+03
   0.481745E+00   0.341431E+03
   0.491477E+00   0.327093E+03
   0.501405E+00   0.313573E+03
   0.511534E+00   0.300715E+03
   0.521868E+00   0.288300E+03
   0.532411E+00   0.276213E+03
   0.543166E+00   0.264494E+03
   0.554139E+00   0.253252E+03
   0.565333E+00   0.242549E+03
   0.576753E+00   0.232340E+03
   0.588404E+00   0.222529E+03
   0.600291E+00   0.213055E+03
   0.612418E+00   0.203926E+03
   0.624789E+00   0.195177E+03
   0.637411E+00   0.186806E+03
   0.650288E+00   0.178787E+03
   0.663424E+00   0.171098E+03
   0.676826E+00   0.163718E+03
   0.690499E+00   0.156633E+03
   0.704448E+00   0.149836E+03
   0.718679E+00   0.143317E+03
   0.733197E+00   0.137070E+03
   0.748009E+00   0.131083E+03
   0.763119E+00   0.125347E+03
   0.778536E+00   0.119850E+03
   0.794263E+00   0.114582E+03
   0.810308E+00   0.109536E+03
   0.826677E+00   0.104701E+03
   0.843378E+00   0.100070E+03
   0.860415E+00   0.956354E+02
   0.877797E+00   0.913886E+02
   0.895529E+00   0.873225E+02
   0.913620E+00   0.834300E+02
   0.932076E+00   0.797039E+02
   0.950906E+00   0.761376E+02
   0.970115E+00   0.727244E+02
   0.989713E+00   0.694582E+02
   0.100971E+01   0.663329E+02
   0.103010E+01   0.633427E+02
   0.105091E+01   0.604819E+02
   0.107214E+01   0.577452E+02
   0.109380E+01   0.551278E+02
   0.111590E+01   0.526246E+02
   0.113844E+01   0.502311E+02
   0.116144E+01   0.479426E+02
   0.118490E+01   0.457547E+02
   0.120884E+01   0.436631E+02
   0.123326E+01   0.416638E+02
   0.125817E+01   0.397530E+02
   0.128359E+01   0.379269E+02
   0.130952E+01   0.361819E+02
   0.133597E+01   0.345147E+02
   0.136296E+01   0.329219E+02
   0.139049E+01   0.314004E+02
   0.141858E+01   0.299470E+02
   0.144724E+01   0.285590E+02
   0.147648E+01   0.272334E+02
   0.150630E+01   0.259674E+02
   0.153673E+01   0.247585E+02
   0.156778E+01   0.236041E+02
   0.159945E+01   0.225018E+02
   0.163176E+01   0.214493E+02
   0.166472E+01   0.204444E+02
   0.169835E+01   0.194850E+02
   0.173266E+01   0.185691E+02
   0.176766E+01   0.176948E+02
   0.180337E+01   0.168604E+02
   0.183980E+01   0.160644E+02
   0.187697E+01   0.153050E+02
   0.191489E+01   0.145809E+02
   0.195357E+01   0.138904E+02
   0.199304E+01   0.132323E+02
   0.203330E+01   0.126050E+02
   0.207437E+01   0.120073E+02
