#           k/h    P           
   0.100000E-03   0.337370E+03
   0.102020E-03   0.343955E+03
   0.104081E-03   0.350668E+03
   0.106184E-03   0.357512E+03
   0.108329E-03   0.364491E+03
   0.110517E-03   0.371607E+03
   0.112750E-03   0.378862E+03
   0.115027E-03   0.386259E+03
   0.117351E-03   0.393801E+03
   0.119722E-03   0.401491E+03
   0.122140E-03   0.409332E+03
   0.124608E-03   0.417327E+03
   0.127125E-03   0.425478E+03
   0.129693E-03   0.433790E+03
   0.132313E-03   0.442265E+03
   0.134986E-03   0.450906E+03
   0.137713E-03   0.459717E+03
   0.140495E-03   0.468702E+03
   0.143333E-03   0.477863E+03
   0.146228E-03   0.487204E+03
   0.149182E-03   0.496729E+03
   0.152196E-03   0.506441E+03
   0.155271E-03   0.516345E+03
   0.158407E-03   0.526444E+03
   0.161607E-03   0.536742E+03
   0.164872E-03   0.547242E+03
   0.168203E-03   0.557950E+03
   0.171601E-03   0.568869E+03
   0.175067E-03   0.580004E+03
   0.178604E-03   0.591358E+03
   0.182212E-03   0.602937E+03
   0.185893E-03   0.614745E+03
   0.189648E-03   0.626786E+03
   0.193479E-03   0.639066E+03
   0.197388E-03   0.651588E+03
   0.201375E-03   0.664359E+03
   0.205443E-03   0.677383E+03
   0.209594E-03   0.690665E+03
   0.213828E-03   0.704211E+03
   0.218147E-03   0.718025E+03
   0.222554E-03   0.732115E+03
   0.227050E-03   0.746484E+03
   0.231637E-03   0.761139E+03
   0.236316E-03   0.776086E+03
   0.241090E-03   0.791331E+03
   0.245960E-03   0.806880E+03
   0.250929E-03   0.822739E+03
   0.255998E-03   0.838915E+03
   0.261170E-03   0.855414E+03
   0.266446E-03   0.872242E+03
   0.271828E-03   0.889408E+03
   0.277319E-03   0.906917E+03
   0.282922E-03   0.924778E+03
   0.288637E-03   0.942996E+03
   0.294468E-03   0.961581E+03
   0.300417E-03   0.980539E+03
   0.306485E-03   0.999878E+03
   0.312677E-03   0.101961E+04
   0.318993E-03   0.103973E+04
   0.325437E-03   0.106026E+04
   0.332012E-03   0.108121E+04
   0.338719E-03   0.110258E+04
   0.345561E-03   0.112438E+04
   0.352542E-03   0.114662E+04
   0.359664E-03   0.116931E+04
   0.366930E-03   0.119246E+04
   0.374342E-03   0.121609E+04
   0.381904E-03   0.124019E+04
   0.389619E-03   0.126478E+04
   0.397490E-03   0.128986E+04
   0.405520E-03   0.131546E+04
   0.413712E-03   0.134158E+04
   0.422070E-03   0.136823E+04
   0.430596E-03   0.139543E+04
   0.439295E-03   0.142318E+04
   0.448169E-03   0.145149E+04
   0.457222E-03   0.148038E+04
   0.466459E-03   0.150986E+04
   0.475882E-03   0.153994E+04
   0.485496E-03   0.157064E+04
   0.495303E-03   0.160196E+04
   0.505309E-03   0.163392E+04
   0.515517E-03   0.166653E+04
   0.525931E-03   0.169981E+04
   0.536556E-03   0.173376E+04
   0.547395E-03   0.176841E+04
   0.558453E-03   0.180376E+04
   0.569734E-03   0.183983E+04
   0.581244E-03   0.187663E+04
   0.592986E-03   0.191418E+04
   0.604965E-03   0.195248E+04
   0.617186E-03   0.199156E+04
   0.629654E-03   0.203143E+04
   0.642374E-03   0.207211E+04
   0.655350E-03   0.211360E+04
   0.668589E-03   0.215592E+04
   0.682096E-03   0.219908E+04
   0.695875E-03   0.224311E+04
   0.709933E-03   0.228801E+04
   0.724274E-03   0.233380E+04
   0.738906E-03   0.238050E+04
   0.753832E-03   0.242811E+04
   0.769061E-03   0.247665E+04
   0.784597E-03   0.252614E+04
   0.800447E-03   0.257658E+04
   0.816617E-03   0.262800E+04
   0.833114E-03   0.268041E+04
   0.849944E-03   0.273381E+04
   0.867114E-03   0.278823E+04
   0.884631E-03   0.284368E+04
   0.902501E-03   0.290017E+04
   0.920733E-03   0.295770E+04
   0.939333E-03   0.301631E+04
   0.958309E-03   0.307599E+04
   0.977668E-03   0.313676E+04
   0.997418E-03   0.319864E+04
   0.101757E-02   0.326163E+04
   0.103812E-02   0.332574E+04
   0.105910E-02   0.339100E+04
   0.108049E-02   0.345741E+04
   0.110232E-02   0.352498E+04
   0.112459E-02   0.359373E+04
   0.114730E-02   0.366367E+04
   0.117048E-02   0.373481E+04
   0.119413E-02   0.380716E+04
   0.121825E-02   0.388074E+04
   0.124286E-02   0.395556E+04
   0.126797E-02   0.403163E+04
   0.129358E-02   0.410897E+04
   0.131971E-02   0.418759E+04
   0.134637E-02   0.426750E+04
   0.137357E-02   0.434872E+04
   0.140132E-02   0.443127E+04
   0.142963E-02   0.451515E+04
   0.145851E-02   0.460038E+04
   0.148797E-02   0.468698E+04
   0.151803E-02   0.477496E+04
   0.154870E-02   0.486434E+04
   0.157998E-02   0.495513E+04
   0.161190E-02   0.504735E+04
   0.164446E-02   0.514101E+04
   0.167768E-02   0.523613E+04
   0.171158E-02   0.533271E+04
   0.174615E-02   0.543078E+04
   0.178143E-02   0.553035E+04
   0.181741E-02   0.563143E+04
   0.185413E-02   0.573404E+04
   0.189158E-02   0.583818E+04
   0.192980E-02   0.594387E+04
   0.196878E-02   0.605112E+04
   0.200855E-02   0.615995E+04
   0.204913E-02   0.627036E+04
   0.209052E-02   0.638236E+04
   0.213276E-02   0.649597E+04
   0.217584E-02   0.661119E+04
   0.221979E-02   0.672804E+04
   0.226464E-02   0.684651E+04
   0.231039E-02   0.696663E+04
   0.235706E-02   0.708839E+04
   0.240467E-02   0.721181E+04
   0.245325E-02   0.733688E+04
   0.250281E-02   0.746362E+04
   0.255337E-02   0.759203E+04
   0.260495E-02   0.772211E+04
   0.265758E-02   0.785386E+04
   0.271126E-02   0.798729E+04
   0.276603E-02   0.812239E+04
   0.282191E-02   0.825917E+04
   0.287892E-02   0.839761E+04
   0.293708E-02   0.853773E+04
   0.299641E-02   0.867951E+04
   0.305694E-02   0.882295E+04
   0.311870E-02   0.896804E+04
   0.318170E-02   0.911477E+04
   0.324597E-02   0.926314E+04
   0.331155E-02   0.941313E+04
   0.337844E-02   0.956473E+04
   0.344669E-02   0.971792E+04
   0.351632E-02   0.987270E+04
   0.358735E-02   0.100290E+05
   0.365982E-02   0.101869E+05
   0.373376E-02   0.103463E+05
   0.380918E-02   0.105072E+05
   0.388613E-02   0.106696E+05
   0.396464E-02   0.108334E+05
   0.404473E-02   0.109986E+05
   0.412644E-02   0.111652E+05
   0.420980E-02   0.113332E+05
   0.429484E-02   0.115025E+05
   0.438160E-02   0.116731E+05
   0.447012E-02   0.118449E+05
   0.456042E-02   0.120179E+05
   0.465255E-02   0.121920E+05
   0.474653E-02   0.123673E+05
   0.484242E-02   0.125436E+05
   0.494024E-02   0.127209E+05
   0.504004E-02   0.128991E+05
   0.514186E-02   0.130782E+05
   0.524573E-02   0.132582E+05
   0.535170E-02   0.134389E+05
   0.545981E-02   0.136203E+05
   0.557011E-02   0.138023E+05
   0.568263E-02   0.139849E+05
   0.579743E-02   0.141679E+05
   0.591455E-02   0.143513E+05
   0.603403E-02   0.145350E+05
   0.615592E-02   0.147190E+05
   0.628028E-02   0.149030E+05
   0.640715E-02   0.150871E+05
   0.653658E-02   0.152711E+05
   0.666863E-02   0.154550E+05
   0.680335E-02   0.156385E+05
   0.694078E-02   0.158217E+05
   0.708100E-02   0.160044E+05
   0.722404E-02   0.161864E+05
   0.736998E-02   0.163677E+05
   0.751886E-02   0.165482E+05
   0.767075E-02   0.167276E+05
   0.782571E-02   0.169059E+05
   0.798380E-02   0.170830E+05
   0.814509E-02   0.172586E+05
   0.830963E-02   0.174327E+05
   0.847750E-02   0.176050E+05
   0.864875E-02   0.177755E+05
   0.882347E-02   0.179439E+05
   0.900171E-02   0.181102E+05
   0.918356E-02   0.182741E+05
   0.936908E-02   0.184355E+05
   0.955835E-02   0.185941E+05
   0.975144E-02   0.187499E+05
   0.994843E-02   0.189025E+05
   0.101494E-01   0.190519E+05
   0.103544E-01   0.191978E+05
   0.105636E-01   0.193401E+05
   0.107770E-01   0.194785E+05
   0.109947E-01   0.196128E+05
   0.112168E-01   0.197428E+05
   0.114434E-01   0.198683E+05
   0.116746E-01   0.199891E+05
   0.119104E-01   0.201049E+05
   0.121510E-01   0.202156E+05
   0.123965E-01   0.203209E+05
   0.126469E-01   0.204206E+05
   0.129024E-01   0.205144E+05
   0.131631E-01   0.206021E+05
   0.134290E-01   0.206836E+05
   0.137003E-01   0.207585E+05
   0.139770E-01   0.208266E+05
   0.142594E-01   0.208877E+05
   0.145474E-01   0.209415E+05
   0.148413E-01   0.209879E+05
   0.151411E-01   0.210266E+05
   0.154470E-01   0.210574E+05
   0.157590E-01   0.210801E+05
   0.160774E-01   0.210944E+05
   0.164022E-01   0.211001E+05
   0.167335E-01   0.210971E+05
   0.170716E-01   0.210851E+05
   0.174164E-01   0.210640E+05
   0.177683E-01   0.210336E+05
   0.181272E-01   0.209937E+05
   0.184934E-01   0.209443E+05
   0.188670E-01   0.208851E+05
   0.192481E-01   0.208161E+05
   0.196370E-01   0.207371E+05
   0.200337E-01   0.206481E+05
   0.204384E-01   0.205490E+05
   0.208513E-01   0.204398E+05
   0.212725E-01   0.203205E+05
   0.217022E-01   0.201911E+05
   0.221406E-01   0.200517E+05
   0.225879E-01   0.199023E+05
   0.230442E-01   0.197430E+05
   0.235097E-01   0.195741E+05
   0.239847E-01   0.193955E+05
   0.244692E-01   0.192076E+05
   0.249635E-01   0.190106E+05
   0.254678E-01   0.188047E+05
   0.259823E-01   0.185904E+05
   0.265072E-01   0.183679E+05
   0.270426E-01   0.181376E+05
   0.275889E-01   0.179001E+05
   0.281463E-01   0.176556E+05
   0.287149E-01   0.174049E+05
   0.292949E-01   0.171483E+05
   0.298867E-01   0.168864E+05
   0.304905E-01   0.166200E+05
   0.311064E-01   0.163497E+05
   0.317348E-01   0.160760E+05
   0.323759E-01   0.157997E+05
   0.330299E-01   0.155215E+05
   0.336972E-01   0.152423E+05
   0.343779E-01   0.149627E+05
   0.350724E-01   0.146834E+05
   0.357809E-01   0.144053E+05
   0.365038E-01   0.141290E+05
   0.372412E-01   0.138555E+05
   0.379935E-01   0.135853E+05
   0.387610E-01   0.133194E+05
   0.395440E-01   0.130582E+05
   0.403429E-01   0.128024E+05
   0.411579E-01   0.125528E+05
   0.419893E-01   0.123098E+05
   0.428375E-01   0.120740E+05
   0.437029E-01   0.118458E+05
   0.445858E-01   0.116256E+05
   0.454865E-01   0.114136E+05
   0.464053E-01   0.112101E+05
   0.473428E-01   0.110151E+05
   0.482992E-01   0.108289E+05
   0.492749E-01   0.106511E+05
   0.502703E-01   0.104816E+05
   0.512858E-01   0.103200E+05
   0.523219E-01   0.101660E+05
   0.533789E-01   0.100191E+05
   0.544572E-01   0.987830E+04
   0.555573E-01   0.974299E+04
   0.566796E-01   0.961236E+04
   0.578246E-01   0.948531E+04
   0.589927E-01   0.936062E+04
   0.601845E-01   0.923712E+04
   0.614003E-01   0.911364E+04
   0.626407E-01   0.898878E+04
   0.639061E-01   0.886120E+04
   0.651971E-01   0.872962E+04
   0.665142E-01   0.859280E+04
   0.678578E-01   0.844961E+04
   0.692287E-01   0.829898E+04
   0.706272E-01   0.814010E+04
   0.720539E-01   0.797237E+04
   0.735095E-01   0.779536E+04
   0.749945E-01   0.760900E+04
   0.765095E-01   0.741369E+04
   0.780551E-01   0.720993E+04
   0.796319E-01   0.699875E+04
   0.812406E-01   0.678156E+04
   0.828817E-01   0.655982E+04
   0.845561E-01   0.633552E+04
   0.862642E-01   0.611074E+04
   0.880068E-01   0.588761E+04
   0.897847E-01   0.566852E+04
   0.915985E-01   0.545565E+04
   0.934489E-01   0.525118E+04
   0.953367E-01   0.505711E+04
   0.972626E-01   0.487508E+04
   0.992274E-01   0.470632E+04
   0.101232E+00   0.455184E+04
   0.103277E+00   0.441213E+04
   0.105363E+00   0.428696E+04
   0.107492E+00   0.417599E+04
   0.109663E+00   0.407802E+04
   0.111879E+00   0.399141E+04
   0.114139E+00   0.391430E+04
   0.116445E+00   0.384405E+04
   0.118797E+00   0.377803E+04
   0.121197E+00   0.371330E+04
   0.123645E+00   0.364691E+04
   0.126143E+00   0.357618E+04
   0.128691E+00   0.349873E+04
   0.131291E+00   0.341286E+04
   0.133943E+00   0.331760E+04
   0.136649E+00   0.321288E+04
   0.139409E+00   0.309960E+04
   0.142226E+00   0.297952E+04
   0.145099E+00   0.285519E+04
   0.148030E+00   0.272965E+04
   0.151020E+00   0.260621E+04
   0.154071E+00   0.248808E+04
   0.157184E+00   0.237813E+04
   0.160359E+00   0.227854E+04
   0.163598E+00   0.219069E+04
   0.166903E+00   0.211496E+04
   0.170275E+00   0.205071E+04
   0.173715E+00   0.199643E+04
   0.177224E+00   0.194967E+04
   0.180804E+00   0.190748E+04
   0.184457E+00   0.186661E+04
   0.188183E+00   0.182390E+04
   0.191985E+00   0.177681E+04
   0.195863E+00   0.172366E+04
   0.199820E+00   0.166399E+04
   0.203856E+00   0.159864E+04
   0.207974E+00   0.152955E+04
   0.212176E+00   0.145942E+04
   0.216462E+00   0.139125E+04
   0.220835E+00   0.132775E+04
   0.225296E+00   0.127091E+04
   0.229847E+00   0.122170E+04
   0.234490E+00   0.117989E+04
   0.239227E+00   0.114418E+04
   0.244060E+00   0.111240E+04
   0.248990E+00   0.108205E+04
   0.254020E+00   0.105075E+04
   0.259152E+00   0.101678E+04
   0.264387E+00   0.979527E+03
   0.269728E+00   0.939498E+03
   0.275177E+00   0.898188E+03
   0.280736E+00   0.857581E+03
   0.286407E+00   0.819575E+03
   0.292193E+00   0.785450E+03
   0.298096E+00   0.755561E+03
   0.304118E+00   0.729297E+03
   0.310261E+00   0.705330E+03
   0.316529E+00   0.682073E+03
   0.322923E+00   0.658208E+03
   0.329447E+00   0.633109E+03
   0.336102E+00   0.606994E+03
   0.342892E+00   0.580756E+03
   0.349819E+00   0.555534E+03
   0.356885E+00   0.532227E+03
   0.364095E+00   0.511156E+03
   0.371450E+00   0.491985E+03
   0.378954E+00   0.473941E+03
   0.386609E+00   0.456199E+03
   0.394419E+00   0.438262E+03
   0.402387E+00   0.420142E+03
   0.410516E+00   0.402275E+03
   0.418809E+00   0.385216E+03
   0.427269E+00   0.369319E+03
   0.435901E+00   0.354562E+03
   0.444706E+00   0.340615E+03
   0.453690E+00   0.327072E+03
   0.462855E+00   0.313698E+03
   0.472206E+00   0.300533E+03
   0.481745E+00   0.287802E+03
   0.491477E+00   0.275717E+03
   0.501405E+00   0.264320E+03
   0.511534E+00   0.253481E+03
   0.521868E+00   0.243016E+03
   0.532411E+00   0.232828E+03
   0.543166E+00   0.222949E+03
   0.554139E+00   0.213474E+03
   0.565333E+00   0.204452E+03
   0.576753E+00   0.195846E+03
   0.588404E+00   0.187576E+03
   0.600291E+00   0.179591E+03
   0.612418E+00   0.171895E+03
   0.624789E+00   0.164521E+03
   0.637411E+00   0.157464E+03
   0.650288E+00   0.150705E+03
   0.663424E+00   0.144223E+03
   0.676826E+00   0.138003E+03
   0.690499E+00   0.132031E+03
   0.704448E+00   0.126301E+03
   0.718679E+00   0.120806E+03
   0.733197E+00   0.115540E+03
   0.748009E+00   0.110494E+03
   0.763119E+00   0.105658E+03
   0.778536E+00   0.101025E+03
   0.794263E+00   0.965848E+02
   0.810308E+00   0.923307E+02
   0.826677E+00   0.882555E+02
   0.843378E+00   0.843522E+02
   0.860415E+00   0.806139E+02
   0.877797E+00   0.770341E+02
   0.895529E+00   0.736067E+02
   0.913620E+00   0.703256E+02
   0.932076E+00   0.671848E+02
   0.950906E+00   0.641786E+02
   0.970115E+00   0.613016E+02
   0.989713E+00   0.585484E+02
   0.100971E+01   0.559140E+02
   0.103010E+01   0.533934E+02
   0.105091E+01   0.509819E+02
   0.107214E+01   0.486752E+02
   0.109380E+01   0.464688E+02
   0.111590E+01   0.443588E+02
   0.113844E+01   0.423413E+02
   0.116144E+01   0.404122E+02
   0.118490E+01   0.385680E+02
   0.120884E+01   0.368049E+02
   0.123326E+01   0.351197E+02
   0.125817E+01   0.335090E+02
   0.128359E+01   0.319697E+02
   0.130952E+01   0.304988E+02
   0.133597E+01   0.290935E+02
   0.136296E+01   0.277509E+02
   0.139049E+01   0.264683E+02
   0.141858E+01   0.252432E+02
   0.144724E+01   0.240732E+02
   0.147648E+01   0.229558E+02
   0.150630E+01   0.218887E+02
   0.153673E+01   0.208697E+02
   0.156778E+01   0.198966E+02
   0.159945E+01   0.189674E+02
   0.163176E+01   0.180802E+02
   0.166472E+01   0.172332E+02
   0.169835E+01   0.164245E+02
   0.173266E+01   0.156524E+02
   0.176766E+01   0.149155E+02
   0.180337E+01   0.142121E+02
   0.183980E+01   0.135411E+02
   0.187697E+01   0.129010E+02
   0.191489E+01   0.122906E+02
   0.195357E+01   0.117086E+02
   0.199304E+01   0.111539E+02
   0.203330E+01   0.106251E+02
   0.207437E+01   0.101213E+02
