#           k/h    P           
   0.100000E-03   0.200982E+03
   0.102020E-03   0.204899E+03
   0.104081E-03   0.208892E+03
   0.106184E-03   0.212963E+03
   0.108329E-03   0.217113E+03
   0.110517E-03   0.221345E+03
   0.112750E-03   0.225658E+03
   0.115027E-03   0.230056E+03
   0.117351E-03   0.234540E+03
   0.119722E-03   0.239111E+03
   0.122140E-03   0.243771E+03
   0.124608E-03   0.248522E+03
   0.127125E-03   0.253366E+03
   0.129693E-03   0.258304E+03
   0.132313E-03   0.263339E+03
   0.134986E-03   0.268471E+03
   0.137713E-03   0.273704E+03
   0.140495E-03   0.279039E+03
   0.143333E-03   0.284478E+03
   0.146228E-03   0.290022E+03
   0.149182E-03   0.295675E+03
   0.152196E-03   0.301439E+03
   0.155271E-03   0.307314E+03
   0.158407E-03   0.313305E+03
   0.161607E-03   0.319412E+03
   0.164872E-03   0.325638E+03
   0.168203E-03   0.331986E+03
   0.171601E-03   0.338457E+03
   0.175067E-03   0.345055E+03
   0.178604E-03   0.351781E+03
   0.182212E-03   0.358639E+03
   0.185893E-03   0.365631E+03
   0.189648E-03   0.372759E+03
   0.193479E-03   0.380026E+03
   0.197388E-03   0.387435E+03
   0.201375E-03   0.394988E+03
   0.205443E-03   0.402689E+03
   0.209594E-03   0.410540E+03
   0.213828E-03   0.418544E+03
   0.218147E-03   0.426705E+03
   0.222554E-03   0.435025E+03
   0.227050E-03   0.443507E+03
   0.231637E-03   0.452155E+03
   0.236316E-03   0.460971E+03
   0.241090E-03   0.469960E+03
   0.245960E-03   0.479124E+03
   0.250929E-03   0.488467E+03
   0.255998E-03   0.497993E+03
   0.261170E-03   0.507704E+03
   0.266446E-03   0.517606E+03
   0.271828E-03   0.527700E+03
   0.277319E-03   0.537992E+03
   0.282922E-03   0.548484E+03
   0.288637E-03   0.559182E+03
   0.294468E-03   0.570088E+03
   0.300417E-03   0.581207E+03
   0.306485E-03   0.592544E+03
   0.312677E-03   0.604102E+03
   0.318993E-03   0.615885E+03
   0.325437E-03   0.627899E+03
   0.332012E-03   0.640147E+03
   0.338719E-03   0.652635E+03
   0.345561E-03   0.665366E+03
   0.352542E-03   0.678346E+03
   0.359664E-03   0.691579E+03
   0.366930E-03   0.705071E+03
   0.374342E-03   0.718826E+03
   0.381904E-03   0.732850E+03
   0.389619E-03   0.747147E+03
   0.397490E-03   0.761724E+03
   0.405520E-03   0.776585E+03
   0.413712E-03   0.791735E+03
   0.422070E-03   0.807182E+03
   0.430596E-03   0.822929E+03
   0.439295E-03   0.838984E+03
   0.448169E-03   0.855352E+03
   0.457222E-03   0.872038E+03
   0.466459E-03   0.889050E+03
   0.475882E-03   0.906393E+03
   0.485496E-03   0.924073E+03
   0.495303E-03   0.942098E+03
   0.505309E-03   0.960473E+03
   0.515517E-03   0.979205E+03
   0.525931E-03   0.998302E+03
   0.536556E-03   0.101777E+04
   0.547395E-03   0.103761E+04
   0.558453E-03   0.105784E+04
   0.569734E-03   0.107846E+04
   0.581244E-03   0.109948E+04
   0.592986E-03   0.112091E+04
   0.604965E-03   0.114275E+04
   0.617186E-03   0.116501E+04
   0.629654E-03   0.118770E+04
   0.642374E-03   0.121083E+04
   0.655350E-03   0.123440E+04
   0.668589E-03   0.125843E+04
   0.682096E-03   0.128291E+04
   0.695875E-03   0.130787E+04
   0.709933E-03   0.133330E+04
   0.724274E-03   0.135921E+04
   0.738906E-03   0.138562E+04
   0.753832E-03   0.141253E+04
   0.769061E-03   0.143994E+04
   0.784597E-03   0.146788E+04
   0.800447E-03   0.149634E+04
   0.816617E-03   0.152534E+04
   0.833114E-03   0.155488E+04
   0.849944E-03   0.158497E+04
   0.867114E-03   0.161562E+04
   0.884631E-03   0.164684E+04
   0.902501E-03   0.167864E+04
   0.920733E-03   0.171102E+04
   0.939333E-03   0.174400E+04
   0.958309E-03   0.177759E+04
   0.977668E-03   0.181178E+04
   0.997418E-03   0.184659E+04
   0.101757E-02   0.188204E+04
   0.103812E-02   0.191812E+04
   0.105910E-02   0.195484E+04
   0.108049E-02   0.199222E+04
   0.110232E-02   0.203026E+04
   0.112459E-02   0.206897E+04
   0.114730E-02   0.210837E+04
   0.117048E-02   0.214844E+04
   0.119413E-02   0.218922E+04
   0.121825E-02   0.223070E+04
   0.124286E-02   0.227289E+04
   0.126797E-02   0.231580E+04
   0.129358E-02   0.235944E+04
   0.131971E-02   0.240382E+04
   0.134637E-02   0.244894E+04
   0.137357E-02   0.249482E+04
   0.140132E-02   0.254145E+04
   0.142963E-02   0.258886E+04
   0.145851E-02   0.263705E+04
   0.148797E-02   0.268602E+04
   0.151803E-02   0.273578E+04
   0.154870E-02   0.278635E+04
   0.157998E-02   0.283773E+04
   0.161190E-02   0.288993E+04
   0.164446E-02   0.294295E+04
   0.167768E-02   0.299681E+04
   0.171158E-02   0.305152E+04
   0.174615E-02   0.310707E+04
   0.178143E-02   0.316349E+04
   0.181741E-02   0.322077E+04
   0.185413E-02   0.327892E+04
   0.189158E-02   0.333795E+04
   0.192980E-02   0.339788E+04
   0.196878E-02   0.345870E+04
   0.200855E-02   0.352042E+04
   0.204913E-02   0.358305E+04
   0.209052E-02   0.364659E+04
   0.213276E-02   0.371105E+04
   0.217584E-02   0.377644E+04
   0.221979E-02   0.384276E+04
   0.226464E-02   0.391001E+04
   0.231039E-02   0.397820E+04
   0.235706E-02   0.404734E+04
   0.240467E-02   0.411742E+04
   0.245325E-02   0.418846E+04
   0.250281E-02   0.426044E+04
   0.255337E-02   0.433338E+04
   0.260495E-02   0.440728E+04
   0.265758E-02   0.448213E+04
   0.271126E-02   0.455794E+04
   0.276603E-02   0.463472E+04
   0.282191E-02   0.471244E+04
   0.287892E-02   0.479113E+04
   0.293708E-02   0.487077E+04
   0.299641E-02   0.495136E+04
   0.305694E-02   0.503290E+04
   0.311870E-02   0.511538E+04
   0.318170E-02   0.519881E+04
   0.324597E-02   0.528317E+04
   0.331155E-02   0.536846E+04
   0.337844E-02   0.545467E+04
   0.344669E-02   0.554179E+04
   0.351632E-02   0.562981E+04
   0.358735E-02   0.571873E+04
   0.365982E-02   0.580852E+04
   0.373376E-02   0.589919E+04
   0.380918E-02   0.599072E+04
   0.388613E-02   0.608308E+04
   0.396464E-02   0.617627E+04
   0.404473E-02   0.627027E+04
   0.412644E-02   0.636507E+04
   0.420980E-02   0.646063E+04
   0.429484E-02   0.655695E+04
   0.438160E-02   0.665400E+04
   0.447012E-02   0.675176E+04
   0.456042E-02   0.685020E+04
   0.465255E-02   0.694930E+04
   0.474653E-02   0.704903E+04
   0.484242E-02   0.714936E+04
   0.494024E-02   0.725026E+04
   0.504004E-02   0.735170E+04
   0.514186E-02   0.745365E+04
   0.524573E-02   0.755607E+04
   0.535170E-02   0.765892E+04
   0.545981E-02   0.776217E+04
   0.557011E-02   0.786577E+04
   0.568263E-02   0.796968E+04
   0.579743E-02   0.807386E+04
   0.591455E-02   0.817826E+04
   0.603403E-02   0.828284E+04
   0.615592E-02   0.838754E+04
   0.628028E-02   0.849231E+04
   0.640715E-02   0.859710E+04
   0.653658E-02   0.870186E+04
   0.666863E-02   0.880651E+04
   0.680335E-02   0.891101E+04
   0.694078E-02   0.901529E+04
   0.708100E-02   0.911929E+04
   0.722404E-02   0.922293E+04
   0.736998E-02   0.932615E+04
   0.751886E-02   0.942888E+04
   0.767075E-02   0.953105E+04
   0.782571E-02   0.963256E+04
   0.798380E-02   0.973336E+04
   0.814509E-02   0.983335E+04
   0.830963E-02   0.993245E+04
   0.847750E-02   0.100306E+05
   0.864875E-02   0.101276E+05
   0.882347E-02   0.102235E+05
   0.900171E-02   0.103182E+05
   0.918356E-02   0.104115E+05
   0.936908E-02   0.105034E+05
   0.955835E-02   0.105937E+05
   0.975144E-02   0.106824E+05
   0.994843E-02   0.107693E+05
   0.101494E-01   0.108544E+05
   0.103544E-01   0.109375E+05
   0.105636E-01   0.110185E+05
   0.107770E-01   0.110973E+05
   0.109947E-01   0.111737E+05
   0.112168E-01   0.112478E+05
   0.114434E-01   0.113192E+05
   0.116746E-01   0.113880E+05
   0.119104E-01   0.114539E+05
   0.121510E-01   0.115170E+05
   0.123965E-01   0.115769E+05
   0.126469E-01   0.116336E+05
   0.129024E-01   0.116871E+05
   0.131631E-01   0.117370E+05
   0.134290E-01   0.117834E+05
   0.137003E-01   0.118260E+05
   0.139770E-01   0.118648E+05
   0.142594E-01   0.118996E+05
   0.145474E-01   0.119302E+05
   0.148413E-01   0.119566E+05
   0.151411E-01   0.119787E+05
   0.154470E-01   0.119962E+05
   0.157590E-01   0.120090E+05
   0.160774E-01   0.120172E+05
   0.164022E-01   0.120204E+05
   0.167335E-01   0.120187E+05
   0.170716E-01   0.120118E+05
   0.174164E-01   0.119998E+05
   0.177683E-01   0.119824E+05
   0.181272E-01   0.119597E+05
   0.184934E-01   0.119315E+05
   0.188670E-01   0.118978E+05
   0.192481E-01   0.118584E+05
   0.196370E-01   0.118134E+05
   0.200337E-01   0.117627E+05
   0.204384E-01   0.117063E+05
   0.208513E-01   0.116440E+05
   0.212725E-01   0.115761E+05
   0.217022E-01   0.115024E+05
   0.221406E-01   0.114229E+05
   0.225879E-01   0.113378E+05
   0.230442E-01   0.112471E+05
   0.235097E-01   0.111508E+05
   0.239847E-01   0.110490E+05
   0.244692E-01   0.109420E+05
   0.249635E-01   0.108297E+05
   0.254678E-01   0.107125E+05
   0.259823E-01   0.105904E+05
   0.265072E-01   0.104636E+05
   0.270426E-01   0.103324E+05
   0.275889E-01   0.101971E+05
   0.281463E-01   0.100578E+05
   0.287149E-01   0.991500E+04
   0.292949E-01   0.976881E+04
   0.298867E-01   0.961964E+04
   0.304905E-01   0.946786E+04
   0.311064E-01   0.931385E+04
   0.317348E-01   0.915796E+04
   0.323759E-01   0.900056E+04
   0.330299E-01   0.884208E+04
   0.336972E-01   0.868298E+04
   0.343779E-01   0.852370E+04
   0.350724E-01   0.836463E+04
   0.357809E-01   0.820617E+04
   0.365038E-01   0.804880E+04
   0.372412E-01   0.789296E+04
   0.379935E-01   0.773908E+04
   0.387610E-01   0.758756E+04
   0.395440E-01   0.743876E+04
   0.403429E-01   0.729307E+04
   0.411579E-01   0.715085E+04
   0.419893E-01   0.701243E+04
   0.428375E-01   0.687810E+04
   0.437029E-01   0.674812E+04
   0.445858E-01   0.662268E+04
   0.454865E-01   0.650192E+04
   0.464053E-01   0.638595E+04
   0.473428E-01   0.627491E+04
   0.482992E-01   0.616881E+04
   0.492749E-01   0.606755E+04
   0.502703E-01   0.597095E+04
   0.512858E-01   0.587888E+04
   0.523219E-01   0.579118E+04
   0.533789E-01   0.570747E+04
   0.544572E-01   0.562728E+04
   0.555573E-01   0.555020E+04
   0.566796E-01   0.547579E+04
   0.578246E-01   0.540341E+04
   0.589927E-01   0.533238E+04
   0.601845E-01   0.526203E+04
   0.614003E-01   0.519168E+04
   0.626407E-01   0.512056E+04
   0.639061E-01   0.504788E+04
   0.651971E-01   0.497292E+04
   0.665142E-01   0.489498E+04
   0.678578E-01   0.481340E+04
   0.692287E-01   0.472760E+04
   0.706272E-01   0.463709E+04
   0.720539E-01   0.454154E+04
   0.735095E-01   0.444071E+04
   0.749945E-01   0.433454E+04
   0.765095E-01   0.422328E+04
   0.780551E-01   0.410721E+04
   0.796319E-01   0.398691E+04
   0.812406E-01   0.386318E+04
   0.828817E-01   0.373686E+04
   0.845561E-01   0.360909E+04
   0.862642E-01   0.348104E+04
   0.880068E-01   0.335393E+04
   0.897847E-01   0.322913E+04
   0.915985E-01   0.310786E+04
   0.934489E-01   0.299138E+04
   0.953367E-01   0.288083E+04
   0.972626E-01   0.277713E+04
   0.992274E-01   0.268100E+04
   0.101232E+00   0.259300E+04
   0.103277E+00   0.251341E+04
   0.105363E+00   0.244211E+04
   0.107492E+00   0.237889E+04
   0.109663E+00   0.232308E+04
   0.111879E+00   0.227375E+04
   0.114139E+00   0.222982E+04
   0.116445E+00   0.218980E+04
   0.118797E+00   0.215219E+04
   0.121197E+00   0.211532E+04
   0.123645E+00   0.207750E+04
   0.126143E+00   0.203721E+04
   0.128691E+00   0.199309E+04
   0.131291E+00   0.194417E+04
   0.133943E+00   0.188990E+04
   0.136649E+00   0.183025E+04
   0.139409E+00   0.176572E+04
   0.142226E+00   0.169731E+04
   0.145099E+00   0.162648E+04
   0.148030E+00   0.155497E+04
   0.151020E+00   0.148465E+04
   0.154071E+00   0.141736E+04
   0.157184E+00   0.135473E+04
   0.160359E+00   0.129799E+04
   0.163598E+00   0.124794E+04
   0.166903E+00   0.120480E+04
   0.170275E+00   0.116820E+04
   0.173715E+00   0.113728E+04
   0.177224E+00   0.111065E+04
   0.180804E+00   0.108662E+04
   0.184457E+00   0.106333E+04
   0.188183E+00   0.103900E+04
   0.191985E+00   0.101218E+04
   0.195863E+00   0.981896E+03
   0.199820E+00   0.947906E+03
   0.203856E+00   0.910682E+03
   0.207974E+00   0.871324E+03
   0.212176E+00   0.831373E+03
   0.216462E+00   0.792535E+03
   0.220835E+00   0.756362E+03
   0.225296E+00   0.723988E+03
   0.229847E+00   0.695954E+03
   0.234490E+00   0.672137E+03
   0.239227E+00   0.651790E+03
   0.244060E+00   0.633690E+03
   0.248990E+00   0.616400E+03
   0.254020E+00   0.598566E+03
   0.259152E+00   0.579220E+03
   0.264387E+00   0.557996E+03
   0.269728E+00   0.535193E+03
   0.275177E+00   0.511661E+03
   0.280736E+00   0.488529E+03
   0.286407E+00   0.466878E+03
   0.292193E+00   0.447439E+03
   0.298096E+00   0.430412E+03
   0.304118E+00   0.415451E+03
   0.310261E+00   0.401798E+03
   0.316529E+00   0.388549E+03
   0.322923E+00   0.374954E+03
   0.329447E+00   0.360656E+03
   0.336102E+00   0.345780E+03
   0.342892E+00   0.330833E+03
   0.349819E+00   0.316465E+03
   0.356885E+00   0.303188E+03
   0.364095E+00   0.291184E+03
   0.371450E+00   0.280264E+03
   0.378954E+00   0.269984E+03
   0.386609E+00   0.259878E+03
   0.394419E+00   0.249660E+03
   0.402387E+00   0.239338E+03
   0.410516E+00   0.229160E+03
   0.418809E+00   0.219442E+03
   0.427269E+00   0.210386E+03
   0.435901E+00   0.201979E+03
   0.444706E+00   0.194035E+03
   0.453690E+00   0.186320E+03
   0.462855E+00   0.178701E+03
   0.472206E+00   0.171201E+03
   0.481745E+00   0.163949E+03
   0.491477E+00   0.157064E+03
   0.501405E+00   0.150572E+03
   0.511534E+00   0.144398E+03
   0.521868E+00   0.138436E+03
   0.532411E+00   0.132633E+03
   0.543166E+00   0.127005E+03
   0.554139E+00   0.121607E+03
   0.565333E+00   0.116468E+03
   0.576753E+00   0.111566E+03
   0.588404E+00   0.106855E+03
   0.600291E+00   0.102305E+03
   0.612418E+00   0.979217E+02
   0.624789E+00   0.937207E+02
   0.637411E+00   0.897010E+02
   0.650288E+00   0.858504E+02
   0.663424E+00   0.821582E+02
   0.676826E+00   0.786145E+02
   0.690499E+00   0.752126E+02
   0.704448E+00   0.719485E+02
   0.718679E+00   0.688184E+02
   0.733197E+00   0.658185E+02
   0.748009E+00   0.629439E+02
   0.763119E+00   0.601892E+02
   0.778536E+00   0.575497E+02
   0.794263E+00   0.550203E+02
   0.810308E+00   0.525970E+02
   0.826677E+00   0.502755E+02
   0.843378E+00   0.480519E+02
   0.860415E+00   0.459224E+02
   0.877797E+00   0.438832E+02
   0.895529E+00   0.419307E+02
   0.913620E+00   0.400616E+02
   0.932076E+00   0.382724E+02
   0.950906E+00   0.365599E+02
   0.970115E+00   0.349210E+02
   0.989713E+00   0.333526E+02
   0.100971E+01   0.318519E+02
   0.103010E+01   0.304160E+02
   0.105091E+01   0.290423E+02
   0.107214E+01   0.277282E+02
   0.109380E+01   0.264714E+02
   0.111590E+01   0.252694E+02
   0.113844E+01   0.241201E+02
   0.116144E+01   0.230212E+02
   0.118490E+01   0.219706E+02
   0.120884E+01   0.209662E+02
   0.123326E+01   0.200062E+02
   0.125817E+01   0.190887E+02
   0.128359E+01   0.182118E+02
   0.130952E+01   0.173739E+02
   0.133597E+01   0.165733E+02
   0.136296E+01   0.158085E+02
   0.139049E+01   0.150779E+02
   0.141858E+01   0.143800E+02
   0.144724E+01   0.137135E+02
   0.147648E+01   0.130770E+02
   0.150630E+01   0.124691E+02
   0.153673E+01   0.118886E+02
   0.156778E+01   0.113343E+02
   0.159945E+01   0.108050E+02
   0.163176E+01   0.102996E+02
   0.166472E+01   0.981703E+01
   0.169835E+01   0.935634E+01
   0.173266E+01   0.891654E+01
   0.176766E+01   0.849672E+01
   0.180337E+01   0.809608E+01
   0.183980E+01   0.771382E+01
   0.187697E+01   0.734919E+01
   0.191489E+01   0.700147E+01
   0.195357E+01   0.666993E+01
   0.199304E+01   0.635390E+01
   0.203330E+01   0.605270E+01
   0.207437E+01   0.576571E+01
